PREVS;Tipo;Nome;Semana;ENA_Percentual_MLT;ENA_MWmes
202102-prevs-ECMWF_ENS_EXT-02-2021-Diaria-IA+SMAP.rv3;Submercado;SIN;1;75,785372903742;85215,6181671429
202102-prevs-ECMWF_ENS_EXT-02-2021-Diaria-IA+SMAP.rv3;Submercado;SIN;2;63,5470462828721;73887,4828
202102-prevs-ECMWF_ENS_EXT-02-2021-Diaria-IA+SMAP.rv3;Submercado;SIN;3;68,5555577307965;79710,98405
202102-prevs-ECMWF_ENS_EXT-02-2021-Diaria-IA+SMAP.rv3;Submercado;SIN;4;89,3403490997788;103877,89667
202102-prevs-ECMWF_ENS_EXT-02-2021-Diaria-IA+SMAP.rv3;Submercado;SIN;5;91,721700355419;107112,613978571
202102-prevs-ECMWF_ENS_EXT-02-2021-Diaria-IA+SMAP.rv3;Submercado;SIN;6;94,9864894711151;111118,21623
202102-prevs-ECMWF_ENS_EXT-02-2021-Diaria-IA+SMAP.rv3;Submercado;SIN;M;75,0283768729149;87237,0665511735
202102-prevs-ECMWF_ENS_EXT-02-2021-Diaria-IA+SMAP.rv3;Submercado;SUDESTE;1;62,6131860346783;43444,15176
202102-prevs-ECMWF_ENS_EXT-02-2021-Diaria-IA+SMAP.rv3;Submercado;SUDESTE;2;65,3830046480318;46267,43065
202102-prevs-ECMWF_ENS_EXT-02-2021-Diaria-IA+SMAP.rv3;Submercado;SUDESTE;3;74,3128648114829;52586,52975
202102-prevs-ECMWF_ENS_EXT-02-2021-Diaria-IA+SMAP.rv3;Submercado;SUDESTE;4;94,1472372535643;66622,06477
202102-prevs-ECMWF_ENS_EXT-02-2021-Diaria-IA+SMAP.rv3;Submercado;SUDESTE;5;98,2474182398753;68251,14585
202102-prevs-ECMWF_ENS_EXT-02-2021-Diaria-IA+SMAP.rv3;Submercado;SUDESTE;6;101,105842917284;69713,10393
202102-prevs-ECMWF_ENS_EXT-02-2021-Diaria-IA+SMAP.rv3;Submercado;SUDESTE;M;76,3131032269927;54001,9723817857
202102-prevs-ECMWF_ENS_EXT-02-2021-Diaria-IA+SMAP.rv3;Submercado;SUL;1;308,829333533585;25115,17815
202102-prevs-ECMWF_ENS_EXT-02-2021-Diaria-IA+SMAP.rv3;Submercado;SUL;2;142,75679013905;11925,94405
202102-prevs-ECMWF_ENS_EXT-02-2021-Diaria-IA+SMAP.rv3;Submercado;SUL;3;84,3882737560344;7049,8211
202102-prevs-ECMWF_ENS_EXT-02-2021-Diaria-IA+SMAP.rv3;Submercado;SUL;4;58,1978352719139;4861,8642
202102-prevs-ECMWF_ENS_EXT-02-2021-Diaria-IA+SMAP.rv3;Submercado;SUL;5;81,7285690019449;6091,6323
202102-prevs-ECMWF_ENS_EXT-02-2021-Diaria-IA+SMAP.rv3;Submercado;SUL;6;80,8288722100803;5733,4158
202102-prevs-ECMWF_ENS_EXT-02-2021-Diaria-IA+SMAP.rv3;Submercado;SUL;M;130,229100287051;10879,3771714286
202102-prevs-ECMWF_ENS_EXT-02-2021-Diaria-IA+SMAP.rv3;Submercado;NORDESTE;1;47,0017363367198;6659,5591
202102-prevs-ECMWF_ENS_EXT-02-2021-Diaria-IA+SMAP.rv3;Submercado;NORDESTE;2;36,366374310389;5226,6387
202102-prevs-ECMWF_ENS_EXT-02-2021-Diaria-IA+SMAP.rv3;Submercado;NORDESTE;3;36,9470213182644;5310,0903
202102-prevs-ECMWF_ENS_EXT-02-2021-Diaria-IA+SMAP.rv3;Submercado;NORDESTE;4;52,2116991272496;7503,9564
202102-prevs-ECMWF_ENS_EXT-02-2021-Diaria-IA+SMAP.rv3;Submercado;NORDESTE;5;56,7983412561376;8103,0354
202102-prevs-ECMWF_ENS_EXT-02-2021-Diaria-IA+SMAP.rv3;Submercado;NORDESTE;6;68,6043942676456;9758,278
202102-prevs-ECMWF_ENS_EXT-02-2021-Diaria-IA+SMAP.rv3;Submercado;NORDESTE;M;43,6827890264201;6278,166575
202102-prevs-ECMWF_ENS_EXT-02-2021-Diaria-IA+SMAP.rv3;Submercado;NORTE;1;48,1602099416218;9996,72915714286
202102-prevs-ECMWF_ENS_EXT-02-2021-Diaria-IA+SMAP.rv3;Submercado;NORTE;2;45,945830272785;10467,4694
202102-prevs-ECMWF_ENS_EXT-02-2021-Diaria-IA+SMAP.rv3;Submercado;NORTE;3;64,8073718886299;14764,5429
202102-prevs-ECMWF_ENS_EXT-02-2021-Diaria-IA+SMAP.rv3;Submercado;NORTE;4;109,252025582946;24890,0113
202102-prevs-ECMWF_ENS_EXT-02-2021-Diaria-IA+SMAP.rv3;Submercado;NORTE;5;96,3864783118731;24666,8004285714
202102-prevs-ECMWF_ENS_EXT-02-2021-Diaria-IA+SMAP.rv3;Submercado;NORTE;6;96,9984149279361;25913,4185
202102-prevs-ECMWF_ENS_EXT-02-2021-Diaria-IA+SMAP.rv3;Submercado;NORTE;M;70,570677086042;16077,5504229592
202102-prevs-ECMWF_ENS_EXT-02-2021-Diaria-IA+SMAP.rv3;REE;SIN;1;75,785395396974;85215,6181671429
202102-prevs-ECMWF_ENS_EXT-02-2021-Diaria-IA+SMAP.rv3;REE;SIN;2;63,5470718185991;73887,4828
202102-prevs-ECMWF_ENS_EXT-02-2021-Diaria-IA+SMAP.rv3;REE;SIN;3;68,5555852791423;79710,98405
202102-prevs-ECMWF_ENS_EXT-02-2021-Diaria-IA+SMAP.rv3;REE;SIN;4;89,3403850002792;103877,89667
202102-prevs-ECMWF_ENS_EXT-02-2021-Diaria-IA+SMAP.rv3;REE;SIN;5;91,7217173933621;107112,613978571
202102-prevs-ECMWF_ENS_EXT-02-2021-Diaria-IA+SMAP.rv3;REE;SIN;6;94,986498955445;111118,21623
202102-prevs-ECMWF_ENS_EXT-02-2021-Diaria-IA+SMAP.rv3;REE;SIN;M;75,0284070222965;87237,0665511735
202102-prevs-ECMWF_ENS_EXT-02-2021-Diaria-IA+SMAP.rv3;REE;PARANA;1;36,6565372330196;13909,99524
202102-prevs-ECMWF_ENS_EXT-02-2021-Diaria-IA+SMAP.rv3;REE;PARANA;2;47,4142381002633;18128,46355
202102-prevs-ECMWF_ENS_EXT-02-2021-Diaria-IA+SMAP.rv3;REE;PARANA;3;63,9263895024108;24441,75565
202102-prevs-ECMWF_ENS_EXT-02-2021-Diaria-IA+SMAP.rv3;REE;PARANA;4;86,6080431264462;33113,90873
202102-prevs-ECMWF_ENS_EXT-02-2021-Diaria-IA+SMAP.rv3;REE;PARANA;5;91,816864837953;33725,34725
202102-prevs-ECMWF_ENS_EXT-02-2021-Diaria-IA+SMAP.rv3;REE;PARANA;6;96,009223359921;34687,99487
202102-prevs-ECMWF_ENS_EXT-02-2021-Diaria-IA+SMAP.rv3;REE;PARANA;M;62,2842935204674;23813,9130789286
202102-prevs-ECMWF_ENS_EXT-02-2021-Diaria-IA+SMAP.rv3;REE;PRNPANEMA;1;89,6032277875096;3386,5648
202102-prevs-ECMWF_ENS_EXT-02-2021-Diaria-IA+SMAP.rv3;REE;PRNPANEMA;2;54,7579972546369;2088,3025
202102-prevs-ECMWF_ENS_EXT-02-2021-Diaria-IA+SMAP.rv3;REE;PRNPANEMA;3;45,9345024257114;1751,8014
202102-prevs-ECMWF_ENS_EXT-02-2021-Diaria-IA+SMAP.rv3;REE;PRNPANEMA;4;36,1551391073688;1378,8464
202102-prevs-ECMWF_ENS_EXT-02-2021-Diaria-IA+SMAP.rv3;REE;PRNPANEMA;5;51,1495347509502;1711,7844
202102-prevs-ECMWF_ENS_EXT-02-2021-Diaria-IA+SMAP.rv3;REE;PRNPANEMA;6;58,0420751361838;1834,014
202102-prevs-ECMWF_ENS_EXT-02-2021-Diaria-IA+SMAP.rv3;REE;PRNPANEMA;M;53,2751594802326;2031,75160357143
202102-prevs-ECMWF_ENS_EXT-02-2021-Diaria-IA+SMAP.rv3;REE;IGUACU;1;328,93804214459;14391,98675
202102-prevs-ECMWF_ENS_EXT-02-2021-Diaria-IA+SMAP.rv3;REE;IGUACU;2;168,315908399813;7487,79475
202102-prevs-ECMWF_ENS_EXT-02-2021-Diaria-IA+SMAP.rv3;REE;IGUACU;3;86,8884067534795;3865,3658
202102-prevs-ECMWF_ENS_EXT-02-2021-Diaria-IA+SMAP.rv3;REE;IGUACU;4;59,9792017902402;2668,268
202102-prevs-ECMWF_ENS_EXT-02-2021-Diaria-IA+SMAP.rv3;REE;IGUACU;5;76,459706886964;3123,9996
202102-prevs-ECMWF_ENS_EXT-02-2021-Diaria-IA+SMAP.rv3;REE;IGUACU;6;77,0365628082417;3035,7599
202102-prevs-ECMWF_ENS_EXT-02-2021-Diaria-IA+SMAP.rv3;REE;IGUACU;M;141,582051924973;6298,4976
202102-prevs-ECMWF_ENS_EXT-02-2021-Diaria-IA+SMAP.rv3;REE;SUL;1;285,411922380154;10723,1914
202102-prevs-ECMWF_ENS_EXT-02-2021-Diaria-IA+SMAP.rv3;REE;SUL;2;113,642110476377;4438,1493
202102-prevs-ECMWF_ENS_EXT-02-2021-Diaria-IA+SMAP.rv3;REE;SUL;3;81,5403440820893;3184,4553
202102-prevs-ECMWF_ENS_EXT-02-2021-Diaria-IA+SMAP.rv3;REE;SUL;4;56,1686605948476;2193,5962
202102-prevs-ECMWF_ENS_EXT-02-2021-Diaria-IA+SMAP.rv3;REE;SUL;5;88,1209745176413;2967,6327
202102-prevs-ECMWF_ENS_EXT-02-2021-Diaria-IA+SMAP.rv3;REE;SUL;6;85,5691633809692;2697,6559
202102-prevs-ECMWF_ENS_EXT-02-2021-Diaria-IA+SMAP.rv3;REE;SUL;M;117,296825128272;4580,87957142857
202102-prevs-ECMWF_ENS_EXT-02-2021-Diaria-IA+SMAP.rv3;REE;SUDESTE;1;37,0264974809884;3829,96432
202102-prevs-ECMWF_ENS_EXT-02-2021-Diaria-IA+SMAP.rv3;REE;SUDESTE;2;75,7320737451994;7853,2292
202102-prevs-ECMWF_ENS_EXT-02-2021-Diaria-IA+SMAP.rv3;REE;SUDESTE;3;90,3651171673549;9370,6397
202102-prevs-ECMWF_ENS_EXT-02-2021-Diaria-IA+SMAP.rv3;REE;SUDESTE;4;110,157751426778;11423,08704
202102-prevs-ECMWF_ENS_EXT-02-2021-Diaria-IA+SMAP.rv3;REE;SUDESTE;5;110,051894434681;10949,9821
202102-prevs-ECMWF_ENS_EXT-02-2021-Diaria-IA+SMAP.rv3;REE;SUDESTE;6;113,249031164488;11077,87066
202102-prevs-ECMWF_ENS_EXT-02-2021-Diaria-IA+SMAP.rv3;REE;SUDESTE;M;83,2016204429416;8627,80276357143
202102-prevs-ECMWF_ENS_EXT-02-2021-Diaria-IA+SMAP.rv3;REE;MADEIRA;1;94,0851699908755;9246,935
202102-prevs-ECMWF_ENS_EXT-02-2021-Diaria-IA+SMAP.rv3;REE;MADEIRA;2;93,9140781017913;9877,4806
202102-prevs-ECMWF_ENS_EXT-02-2021-Diaria-IA+SMAP.rv3;REE;MADEIRA;3;104,723944875278;11014,4161
202102-prevs-ECMWF_ENS_EXT-02-2021-Diaria-IA+SMAP.rv3;REE;MADEIRA;4;132,993780869112;13987,7164
202102-prevs-ECMWF_ENS_EXT-02-2021-Diaria-IA+SMAP.rv3;REE;MADEIRA;5;127,689359130421;14896,1839
202102-prevs-ECMWF_ENS_EXT-02-2021-Diaria-IA+SMAP.rv3;REE;MADEIRA;6;121,58877858662;14743,0152
202102-prevs-ECMWF_ENS_EXT-02-2021-Diaria-IA+SMAP.rv3;REE;MADEIRA;M;108,724285556044;11435,1548035714
202102-prevs-ECMWF_ENS_EXT-02-2021-Diaria-IA+SMAP.rv3;REE;ITAIPU;1;284,181857151072;10885,461
202102-prevs-ECMWF_ENS_EXT-02-2021-Diaria-IA+SMAP.rv3;REE;ITAIPU;2;153,655828338556;6174,5953
202102-prevs-ECMWF_ENS_EXT-02-2021-Diaria-IA+SMAP.rv3;REE;ITAIPU;3;84,3354862713865;3388,9863
202102-prevs-ECMWF_ENS_EXT-02-2021-Diaria-IA+SMAP.rv3;REE;ITAIPU;4;90,4489776935464;3634,6544
202102-prevs-ECMWF_ENS_EXT-02-2021-Diaria-IA+SMAP.rv3;REE;ITAIPU;5;90,4606123994694;3489,7205
202102-prevs-ECMWF_ENS_EXT-02-2021-Diaria-IA+SMAP.rv3;REE;ITAIPU;6;92,9150975640548;3524,6691
202102-prevs-ECMWF_ENS_EXT-02-2021-Diaria-IA+SMAP.rv3;REE;ITAIPU;M;136,685682394437;5492,65707142857
202102-prevs-ECMWF_ENS_EXT-02-2021-Diaria-IA+SMAP.rv3;REE;NORDESTE;1;47,0017363367198;6659,5591
202102-prevs-ECMWF_ENS_EXT-02-2021-Diaria-IA+SMAP.rv3;REE;NORDESTE;2;36,366374310389;5226,6387
202102-prevs-ECMWF_ENS_EXT-02-2021-Diaria-IA+SMAP.rv3;REE;NORDESTE;3;36,9470213182644;5310,0903
202102-prevs-ECMWF_ENS_EXT-02-2021-Diaria-IA+SMAP.rv3;REE;NORDESTE;4;52,2116991272496;7503,9564
202102-prevs-ECMWF_ENS_EXT-02-2021-Diaria-IA+SMAP.rv3;REE;NORDESTE;5;56,7983412561376;8103,0354
202102-prevs-ECMWF_ENS_EXT-02-2021-Diaria-IA+SMAP.rv3;REE;NORDESTE;6;68,6043942676456;9758,278
202102-prevs-ECMWF_ENS_EXT-02-2021-Diaria-IA+SMAP.rv3;REE;NORDESTE;M;43,6827890264201;6278,166575
202102-prevs-ECMWF_ENS_EXT-02-2021-Diaria-IA+SMAP.rv3;REE;MAN;1;150,275675632508;1147,275
202102-prevs-ECMWF_ENS_EXT-02-2021-Diaria-IA+SMAP.rv3;REE;MAN;2;156,629992569484;1359,7506
202102-prevs-ECMWF_ENS_EXT-02-2021-Diaria-IA+SMAP.rv3;REE;MAN;3;185,37073975506;1609,2574
202102-prevs-ECMWF_ENS_EXT-02-2021-Diaria-IA+SMAP.rv3;REE;MAN;4;206,237623799054;1790,4089
202102-prevs-ECMWF_ENS_EXT-02-2021-Diaria-IA+SMAP.rv3;REE;MAN;5;149,791054076309;1689,8405
202102-prevs-ECMWF_ENS_EXT-02-2021-Diaria-IA+SMAP.rv3;REE;MAN;6;148,077595417945;1824,5127
202102-prevs-ECMWF_ENS_EXT-02-2021-Diaria-IA+SMAP.rv3;REE;MAN;M;174,562469116383;1515,42765357143
202102-prevs-ECMWF_ENS_EXT-02-2021-Diaria-IA+SMAP.rv3;REE;TPIRES;1;59,770347594799;2185,2314
202102-prevs-ECMWF_ENS_EXT-02-2021-Diaria-IA+SMAP.rv3;REE;TPIRES;2;56,3093421678811;2145,3595
202102-prevs-ECMWF_ENS_EXT-02-2021-Diaria-IA+SMAP.rv3;REE;TPIRES;3;68,739182999089;2618,9306
202102-prevs-ECMWF_ENS_EXT-02-2021-Diaria-IA+SMAP.rv3;REE;TPIRES;4;80,9419895365956;3083,8518
202102-prevs-ECMWF_ENS_EXT-02-2021-Diaria-IA+SMAP.rv3;REE;TPIRES;5;88,7872290866171;3478,1277
202102-prevs-ECMWF_ENS_EXT-02-2021-Diaria-IA+SMAP.rv3;REE;TPIRES;6;97,1012080967406;3845,5401
202102-prevs-ECMWF_ENS_EXT-02-2021-Diaria-IA+SMAP.rv3;REE;TPIRES;M;68,2605015287157;2600,69306071429
202102-prevs-ECMWF_ENS_EXT-02-2021-Diaria-IA+SMAP.rv3;REE;NORTE;1;37,8600290637351;4510,9615
202102-prevs-ECMWF_ENS_EXT-02-2021-Diaria-IA+SMAP.rv3;REE;NORTE;2;40,3509289402902;5189,5812
202102-prevs-ECMWF_ENS_EXT-02-2021-Diaria-IA+SMAP.rv3;REE;NORTE;3;65,6140119399568;8438,6965
202102-prevs-ECMWF_ENS_EXT-02-2021-Diaria-IA+SMAP.rv3;REE;NORTE;4;132,980973921173;17102,842
202102-prevs-ECMWF_ENS_EXT-02-2021-Diaria-IA+SMAP.rv3;REE;NORTE;5;114,733026017347;16405,4984
202102-prevs-ECMWF_ENS_EXT-02-2021-Diaria-IA+SMAP.rv3;REE;NORTE;6;107,697418222913;16018,8453
202102-prevs-ECMWF_ENS_EXT-02-2021-Diaria-IA+SMAP.rv3;REE;NORTE;M;75,1111134660337;9660,13007857143
202102-prevs-ECMWF_ENS_EXT-02-2021-Diaria-IA+SMAP.rv3;REE;BMONTE;1;53,7011838397503;4338,49265714286
202102-prevs-ECMWF_ENS_EXT-02-2021-Diaria-IA+SMAP.rv3;REE;BMONTE;2;43,2802398605711;3918,1376
202102-prevs-ECMWF_ENS_EXT-02-2021-Diaria-IA+SMAP.rv3;REE;BMONTE;3;52,1000342723368;4716,589
202102-prevs-ECMWF_ENS_EXT-02-2021-Diaria-IA+SMAP.rv3;REE;BMONTE;4;66,2409682851298;5996,7604
202102-prevs-ECMWF_ENS_EXT-02-2021-Diaria-IA+SMAP.rv3;REE;BMONTE;5;64,6505998547219;6571,46152857143
202102-prevs-ECMWF_ENS_EXT-02-2021-Diaria-IA+SMAP.rv3;REE;BMONTE;6;76,0663973360418;8070,0605
202102-prevs-ECMWF_ENS_EXT-02-2021-Diaria-IA+SMAP.rv3;REE;BMONTE;M;54,1480267189435;4901,99269081633
202102-prevs-ECMWF_ENS_EXT-02-2021-Diaria-IA+SMAP.rv3;Bacia;SIN;1;75,785372903742;85215,6181671429
202102-prevs-ECMWF_ENS_EXT-02-2021-Diaria-IA+SMAP.rv3;Bacia;SIN;2;63,5470462828721;73887,4828
202102-prevs-ECMWF_ENS_EXT-02-2021-Diaria-IA+SMAP.rv3;Bacia;SIN;3;68,5555577307965;79710,98405
202102-prevs-ECMWF_ENS_EXT-02-2021-Diaria-IA+SMAP.rv3;Bacia;SIN;4;89,3403490997788;103877,89667
202102-prevs-ECMWF_ENS_EXT-02-2021-Diaria-IA+SMAP.rv3;Bacia;SIN;5;91,721700355419;107112,613978571
202102-prevs-ECMWF_ENS_EXT-02-2021-Diaria-IA+SMAP.rv3;Bacia;SIN;6;94,9864894711151;111118,21623
202102-prevs-ECMWF_ENS_EXT-02-2021-Diaria-IA+SMAP.rv3;Bacia;SIN;M;75,0283768729149;87237,0665511735
202102-prevs-ECMWF_ENS_EXT-02-2021-Diaria-IA+SMAP.rv3;Bacia;GRANDE;1;33,1327209823485;2965,7082
202102-prevs-ECMWF_ENS_EXT-02-2021-Diaria-IA+SMAP.rv3;Bacia;GRANDE;2;59,1220210843719;5245,6452
202102-prevs-ECMWF_ENS_EXT-02-2021-Diaria-IA+SMAP.rv3;Bacia;GRANDE;3;63,7712828415142;5658,1544
202102-prevs-ECMWF_ENS_EXT-02-2021-Diaria-IA+SMAP.rv3;Bacia;GRANDE;4;99,1136538703653;8793,9325
202102-prevs-ECMWF_ENS_EXT-02-2021-Diaria-IA+SMAP.rv3;Bacia;GRANDE;5;122,674664830049;10101,3114
202102-prevs-ECMWF_ENS_EXT-02-2021-Diaria-IA+SMAP.rv3;Bacia;GRANDE;6;113,721170665847;9073,6863
202102-prevs-ECMWF_ENS_EXT-02-2021-Diaria-IA+SMAP.rv3;Bacia;GRANDE;M;69,6026414205938;6175,54601785714
202102-prevs-ECMWF_ENS_EXT-02-2021-Diaria-IA+SMAP.rv3;Bacia;PARANAIBA;1;32,3757497441708;2991,4665
202102-prevs-ECMWF_ENS_EXT-02-2021-Diaria-IA+SMAP.rv3;Bacia;PARANAIBA;2;46,721091950993;4358,3571
202102-prevs-ECMWF_ENS_EXT-02-2021-Diaria-IA+SMAP.rv3;Bacia;PARANAIBA;3;76,9002557472477;7173,6075
202102-prevs-ECMWF_ENS_EXT-02-2021-Diaria-IA+SMAP.rv3;Bacia;PARANAIBA;4;97,6882471943378;9112,8064
202102-prevs-ECMWF_ENS_EXT-02-2021-Diaria-IA+SMAP.rv3;Bacia;PARANAIBA;5;90,6651735727323;8353,361
202102-prevs-ECMWF_ENS_EXT-02-2021-Diaria-IA+SMAP.rv3;Bacia;PARANAIBA;6;101,600323253983;9314,1097
202102-prevs-ECMWF_ENS_EXT-02-2021-Diaria-IA+SMAP.rv3;Bacia;PARANAIBA;M;67,4500794218267;6292,05183928571
202102-prevs-ECMWF_ENS_EXT-02-2021-Diaria-IA+SMAP.rv3;Bacia;ALTO PARANA;1;39,2955933095274;2129,07624
202102-prevs-ECMWF_ENS_EXT-02-2021-Diaria-IA+SMAP.rv3;Bacia;ALTO PARANA;2;43,4081090287472;2382,7593
202102-prevs-ECMWF_ENS_EXT-02-2021-Diaria-IA+SMAP.rv3;Bacia;ALTO PARANA;3;61,4042000477501;3370,6013
202102-prevs-ECMWF_ENS_EXT-02-2021-Diaria-IA+SMAP.rv3;Bacia;ALTO PARANA;4;81,1787655893249;4456,06738
202102-prevs-ECMWF_ENS_EXT-02-2021-Diaria-IA+SMAP.rv3;Bacia;ALTO PARANA;5;82,4378911183381;4392,4997
202102-prevs-ECMWF_ENS_EXT-02-2021-Diaria-IA+SMAP.rv3;Bacia;ALTO PARANA;6;89,7046117320205;4721,93722
202102-prevs-ECMWF_ENS_EXT-02-2021-Diaria-IA+SMAP.rv3;Bacia;ALTO PARANA;M;59,1397158102392;3246,29915928571
202102-prevs-ECMWF_ENS_EXT-02-2021-Diaria-IA+SMAP.rv3;Bacia;PARANAPANEMA (SE);1;82,9315028931345;1795,3756
202102-prevs-ECMWF_ENS_EXT-02-2021-Diaria-IA+SMAP.rv3;Bacia;PARANAPANEMA (SE);2;51,3008752081014;1123,1044
202102-prevs-ECMWF_ENS_EXT-02-2021-Diaria-IA+SMAP.rv3;Bacia;PARANAPANEMA (SE);3;44,3346995120914;970,5974
202102-prevs-ECMWF_ENS_EXT-02-2021-Diaria-IA+SMAP.rv3;Bacia;PARANAPANEMA (SE);4;35,6094876000347;779,5807
202102-prevs-ECMWF_ENS_EXT-02-2021-Diaria-IA+SMAP.rv3;Bacia;PARANAPANEMA (SE);5;50,1322628870267;966,5569
202102-prevs-ECMWF_ENS_EXT-02-2021-Diaria-IA+SMAP.rv3;Bacia;PARANAPANEMA (SE);6;57,8478033746353;1054,8658
202102-prevs-ECMWF_ENS_EXT-02-2021-Diaria-IA+SMAP.rv3;Bacia;PARANAPANEMA (SE);M;50,6092588620581;1107,96318928571
202102-prevs-ECMWF_ENS_EXT-02-2021-Diaria-IA+SMAP.rv3;Bacia;PARANAPANEMA (S);1;177,563722431637;582,478
202102-prevs-ECMWF_ENS_EXT-02-2021-Diaria-IA+SMAP.rv3;Bacia;PARANAPANEMA (S);2;118,039880287023;387,624
202102-prevs-ECMWF_ENS_EXT-02-2021-Diaria-IA+SMAP.rv3;Bacia;PARANAPANEMA (S);3;77,7413190062381;255,29
202102-prevs-ECMWF_ENS_EXT-02-2021-Diaria-IA+SMAP.rv3;Bacia;PARANAPANEMA (S);4;56,4814480943281;185,476
202102-prevs-ECMWF_ENS_EXT-02-2021-Diaria-IA+SMAP.rv3;Bacia;PARANAPANEMA (S);5;70,4452343478286;202,148
202102-prevs-ECMWF_ENS_EXT-02-2021-Diaria-IA+SMAP.rv3;Bacia;PARANAPANEMA (S);6;73,6063061090431;199,022
202102-prevs-ECMWF_ENS_EXT-02-2021-Diaria-IA+SMAP.rv3;Bacia;PARANAPANEMA (S);M;99,13718056364;325,550571428571
202102-prevs-ECMWF_ENS_EXT-02-2021-Diaria-IA+SMAP.rv3;Bacia;IGUACU;1;341,207278930948;13809,50875
202102-prevs-ECMWF_ENS_EXT-02-2021-Diaria-IA+SMAP.rv3;Bacia;IGUACU;2;172,322887044502;7100,17075
202102-prevs-ECMWF_ENS_EXT-02-2021-Diaria-IA+SMAP.rv3;Bacia;IGUACU;3;87,6174258633835;3610,0758
202102-prevs-ECMWF_ENS_EXT-02-2021-Diaria-IA+SMAP.rv3;Bacia;IGUACU;4;60,2579713130128;2482,792
202102-prevs-ECMWF_ENS_EXT-02-2021-Diaria-IA+SMAP.rv3;Bacia;IGUACU;5;76,9140278515211;2921,8516
202102-prevs-ECMWF_ENS_EXT-02-2021-Diaria-IA+SMAP.rv3;Bacia;IGUACU;6;77,2892671258066;2836,7379
202102-prevs-ECMWF_ENS_EXT-02-2021-Diaria-IA+SMAP.rv3;Bacia;IGUACU;M;144,964890615808;5972,94702857143
202102-prevs-ECMWF_ENS_EXT-02-2021-Diaria-IA+SMAP.rv3;Bacia;URUGUAI;1;310,799513915997;8685,2609
202102-prevs-ECMWF_ENS_EXT-02-2021-Diaria-IA+SMAP.rv3;Bacia;URUGUAI;2;122,595606246554;3590,8782
202102-prevs-ECMWF_ENS_EXT-02-2021-Diaria-IA+SMAP.rv3;Bacia;URUGUAI;3;85,5700369201435;2506,3833
202102-prevs-ECMWF_ENS_EXT-02-2021-Diaria-IA+SMAP.rv3;Bacia;URUGUAI;4;56,8548777859551;1665,3039
202102-prevs-ECMWF_ENS_EXT-02-2021-Diaria-IA+SMAP.rv3;Bacia;URUGUAI;5;90,2242857828107;2265,2204
202102-prevs-ECMWF_ENS_EXT-02-2021-Diaria-IA+SMAP.rv3;Bacia;URUGUAI;6;90,1091593517864;2111,5275
202102-prevs-ECMWF_ENS_EXT-02-2021-Diaria-IA+SMAP.rv3;Bacia;URUGUAI;M;124,729547280938;3653,38225357143
202102-prevs-ECMWF_ENS_EXT-02-2021-Diaria-IA+SMAP.rv3;Bacia;JACUI;1;224,643997258077;1261,7754
202102-prevs-ECMWF_ENS_EXT-02-2021-Diaria-IA+SMAP.rv3;Bacia;JACUI;2;85,0578051698505;478,7616
202102-prevs-ECMWF_ENS_EXT-02-2021-Diaria-IA+SMAP.rv3;Bacia;JACUI;3;76,2710448892663;429,3039
202102-prevs-ECMWF_ENS_EXT-02-2021-Diaria-IA+SMAP.rv3;Bacia;JACUI;4;56,5302062494394;318,1894
202102-prevs-ECMWF_ENS_EXT-02-2021-Diaria-IA+SMAP.rv3;Bacia;JACUI;5;76,2247978066533;377,1657
202102-prevs-ECMWF_ENS_EXT-02-2021-Diaria-IA+SMAP.rv3;Bacia;JACUI;6;64,5640465528855;301,8908
202102-prevs-ECMWF_ENS_EXT-02-2021-Diaria-IA+SMAP.rv3;Bacia;JACUI;M;99,2813584472547;558,821167857143
202102-prevs-ECMWF_ENS_EXT-02-2021-Diaria-IA+SMAP.rv3;Bacia;ITAJAI-ACU;1;274,711641715621;629,399
202102-prevs-ECMWF_ENS_EXT-02-2021-Diaria-IA+SMAP.rv3;Bacia;ITAJAI-ACU;2;114,519009951518;272,799
202102-prevs-ECMWF_ENS_EXT-02-2021-Diaria-IA+SMAP.rv3;Bacia;ITAJAI-ACU;3;69,6095942842562;165,819
202102-prevs-ECMWF_ENS_EXT-02-2021-Diaria-IA+SMAP.rv3;Bacia;ITAJAI-ACU;4;42,663944883899;101,631
202102-prevs-ECMWF_ENS_EXT-02-2021-Diaria-IA+SMAP.rv3;Bacia;ITAJAI-ACU;5;104,109196637019;210,394
202102-prevs-ECMWF_ENS_EXT-02-2021-Diaria-IA+SMAP.rv3;Bacia;ITAJAI-ACU;6;90,2710290465393;169,385
202102-prevs-ECMWF_ENS_EXT-02-2021-Diaria-IA+SMAP.rv3;Bacia;ITAJAI-ACU;M;110,188459155032;262,483071428571
202102-prevs-ECMWF_ENS_EXT-02-2021-Diaria-IA+SMAP.rv3;Bacia;CAPIVARI;1;85,4162898655574;146,7561
202102-prevs-ECMWF_ENS_EXT-02-2021-Diaria-IA+SMAP.rv3;Bacia;CAPIVARI;2;54,6131568059578;95,7105
202102-prevs-ECMWF_ENS_EXT-02-2021-Diaria-IA+SMAP.rv3;Bacia;CAPIVARI;3;47,3314025651634;82,9491
202102-prevs-ECMWF_ENS_EXT-02-2021-Diaria-IA+SMAP.rv3;Bacia;CAPIVARI;4;61,8949110467522;108,4719
202102-prevs-ECMWF_ENS_EXT-02-2021-Diaria-IA+SMAP.rv3;Bacia;CAPIVARI;5;71,72520861634;114,8526
202102-prevs-ECMWF_ENS_EXT-02-2021-Diaria-IA+SMAP.rv3;Bacia;CAPIVARI;6;74,5411764705882;114,8526
202102-prevs-ECMWF_ENS_EXT-02-2021-Diaria-IA+SMAP.rv3;Bacia;CAPIVARI;M;60,5945977894675;106,193078571429
202102-prevs-ECMWF_ENS_EXT-02-2021-Diaria-IA+SMAP.rv3;Bacia;ALTO TIETE;1;60,7153346441994;220,30272
202102-prevs-ECMWF_ENS_EXT-02-2021-Diaria-IA+SMAP.rv3;Bacia;ALTO TIETE;2;54,3398851974256;197,4936
202102-prevs-ECMWF_ENS_EXT-02-2021-Diaria-IA+SMAP.rv3;Bacia;ALTO TIETE;3;104,853017916159;381,0792
202102-prevs-ECMWF_ENS_EXT-02-2021-Diaria-IA+SMAP.rv3;Bacia;ALTO TIETE;4;152,610888850235;554,65104
202102-prevs-ECMWF_ENS_EXT-02-2021-Diaria-IA+SMAP.rv3;Bacia;ALTO TIETE;5;133,670589488258;453,4008
202102-prevs-ECMWF_ENS_EXT-02-2021-Diaria-IA+SMAP.rv3;Bacia;ALTO TIETE;6;130,514198004605;430,03536
202102-prevs-ECMWF_ENS_EXT-02-2021-Diaria-IA+SMAP.rv3;Bacia;ALTO TIETE;M;97,6860572024949;355,031502857143
202102-prevs-ECMWF_ENS_EXT-02-2021-Diaria-IA+SMAP.rv3;Bacia;PARAIBA DO SUL;1;64,4442029410557;1045,0427
202102-prevs-ECMWF_ENS_EXT-02-2021-Diaria-IA+SMAP.rv3;Bacia;PARAIBA DO SUL;2;95,1440023764295;1544,7187
202102-prevs-ECMWF_ENS_EXT-02-2021-Diaria-IA+SMAP.rv3;Bacia;PARAIBA DO SUL;3;113,911892046514;1849,4264
202102-prevs-ECMWF_ENS_EXT-02-2021-Diaria-IA+SMAP.rv3;Bacia;PARAIBA DO SUL;4;111,083999169249;1803,5139
202102-prevs-ECMWF_ENS_EXT-02-2021-Diaria-IA+SMAP.rv3;Bacia;PARAIBA DO SUL;5;109,790877637892;1752,4302
202102-prevs-ECMWF_ENS_EXT-02-2021-Diaria-IA+SMAP.rv3;Bacia;PARAIBA DO SUL;6;104,486805032209;1656,3149
202102-prevs-ECMWF_ENS_EXT-02-2021-Diaria-IA+SMAP.rv3;Bacia;PARAIBA DO SUL;M;99,2389824212723;1611,20310357143
202102-prevs-ECMWF_ENS_EXT-02-2021-Diaria-IA+SMAP.rv3;Bacia;DOCE;1;24,4499008768128;349,5301
202102-prevs-ECMWF_ENS_EXT-02-2021-Diaria-IA+SMAP.rv3;Bacia;DOCE;2;85,9719643893076;1144,1623
202102-prevs-ECMWF_ENS_EXT-02-2021-Diaria-IA+SMAP.rv3;Bacia;DOCE;3;84,4710647404697;1124,1875
202102-prevs-ECMWF_ENS_EXT-02-2021-Diaria-IA+SMAP.rv3;Bacia;DOCE;4;70,6345324540122;940,0433
202102-prevs-ECMWF_ENS_EXT-02-2021-Diaria-IA+SMAP.rv3;Bacia;DOCE;5;81,0278230476754;992,0849
202102-prevs-ECMWF_ENS_EXT-02-2021-Diaria-IA+SMAP.rv3;Bacia;DOCE;6;97,7057566139321;1154,6708
202102-prevs-ECMWF_ENS_EXT-02-2021-Diaria-IA+SMAP.rv3;Bacia;DOCE;M;70,2839512029143;935,377571428571
202102-prevs-ECMWF_ENS_EXT-02-2021-Diaria-IA+SMAP.rv3;Bacia;AMAZONAS (SE);1;84,7812747568469;11432,1664
202102-prevs-ECMWF_ENS_EXT-02-2021-Diaria-IA+SMAP.rv3;Bacia;AMAZONAS (SE);2;83,9142854062373;12022,8401
202102-prevs-ECMWF_ENS_EXT-02-2021-Diaria-IA+SMAP.rv3;Bacia;AMAZONAS (SE);3;95,1549331531061;13633,3467
202102-prevs-ECMWF_ENS_EXT-02-2021-Diaria-IA+SMAP.rv3;Bacia;AMAZONAS (SE);4;119,152249747283;17071,5682
202102-prevs-ECMWF_ENS_EXT-02-2021-Diaria-IA+SMAP.rv3;Bacia;AMAZONAS (SE);5;117,910050546943;18374,3116
202102-prevs-ECMWF_ENS_EXT-02-2021-Diaria-IA+SMAP.rv3;Bacia;AMAZONAS (SE);6;115,559855246768;18588,5553
202102-prevs-ECMWF_ENS_EXT-02-2021-Diaria-IA+SMAP.rv3;Bacia;AMAZONAS (SE);M;97,9642192531694;14035,8478642857
202102-prevs-ECMWF_ENS_EXT-02-2021-Diaria-IA+SMAP.rv3;Bacia;BAIXO PARANA;1;96,9274479060679;17660,5321
202102-prevs-ECMWF_ENS_EXT-02-2021-Diaria-IA+SMAP.rv3;Bacia;BAIXO PARANA;2;68,2032442624131;12686,199
202102-prevs-ECMWF_ENS_EXT-02-2021-Diaria-IA+SMAP.rv3;Bacia;BAIXO PARANA;3;63,3184729228493;11777,6032
202102-prevs-ECMWF_ENS_EXT-02-2021-Diaria-IA+SMAP.rv3;Bacia;BAIXO PARANA;4;76,8327466836867;14291,3365
202102-prevs-ECMWF_ENS_EXT-02-2021-Diaria-IA+SMAP.rv3;Bacia;BAIXO PARANA;5;80,2659903492478;14282,6763
202102-prevs-ECMWF_ENS_EXT-02-2021-Diaria-IA+SMAP.rv3;Bacia;BAIXO PARANA;6;86,1641739123618;15054,2793
202102-prevs-ECMWF_ENS_EXT-02-2021-Diaria-IA+SMAP.rv3;Bacia;BAIXO PARANA;M;74,5280109459916;13862,6422857143
202102-prevs-ECMWF_ENS_EXT-02-2021-Diaria-IA+SMAP.rv3;Bacia;SAO FRANCISCO (SE);1;26,422720778376;214,548
202102-prevs-ECMWF_ENS_EXT-02-2021-Diaria-IA+SMAP.rv3;Bacia;SAO FRANCISCO (SE);2;59,2971031505201;471,7095
202102-prevs-ECMWF_ENS_EXT-02-2021-Diaria-IA+SMAP.rv3;Bacia;SAO FRANCISCO (SE);3;51,9602243609683;413,3445
202102-prevs-ECMWF_ENS_EXT-02-2021-Diaria-IA+SMAP.rv3;Bacia;SAO FRANCISCO (SE);4;90,4336149761396;719,401
202102-prevs-ECMWF_ENS_EXT-02-2021-Diaria-IA+SMAP.rv3;Bacia;SAO FRANCISCO (SE);5;94,7541373113963;685,563
202102-prevs-ECMWF_ENS_EXT-02-2021-Diaria-IA+SMAP.rv3;Bacia;SAO FRANCISCO (SE);6;96,4517366601258;670,0735
202102-prevs-ECMWF_ENS_EXT-02-2021-Diaria-IA+SMAP.rv3;Bacia;SAO FRANCISCO (SE);M;61,3945439585489;488,394678571429
202102-prevs-ECMWF_ENS_EXT-02-2021-Diaria-IA+SMAP.rv3;Bacia;SAO FRANCISCO (NE);1;49,0033282794343;6517,6303
202102-prevs-ECMWF_ENS_EXT-02-2021-Diaria-IA+SMAP.rv3;Bacia;SAO FRANCISCO (NE);2;36,2943561212363;4913,8548
202102-prevs-ECMWF_ENS_EXT-02-2021-Diaria-IA+SMAP.rv3;Bacia;SAO FRANCISCO (NE);3;33,3456450391847;4514,6319
202102-prevs-ECMWF_ENS_EXT-02-2021-Diaria-IA+SMAP.rv3;Bacia;SAO FRANCISCO (NE);4;49,5614328482328;6710,0704
202102-prevs-ECMWF_ENS_EXT-02-2021-Diaria-IA+SMAP.rv3;Bacia;SAO FRANCISCO (NE);5;55,1318507265835;7430,2976
202102-prevs-ECMWF_ENS_EXT-02-2021-Diaria-IA+SMAP.rv3;Bacia;SAO FRANCISCO (NE);6;67,1185822548365;9029,2576
202102-prevs-ECMWF_ENS_EXT-02-2021-Diaria-IA+SMAP.rv3;Bacia;SAO FRANCISCO (NE);M;42,316875431835;5729,23737142857
202102-prevs-ECMWF_ENS_EXT-02-2021-Diaria-IA+SMAP.rv3;Bacia;JEQUITINHONHA (NE);1;6,50097620178355;30,0678
202102-prevs-ECMWF_ENS_EXT-02-2021-Diaria-IA+SMAP.rv3;Bacia;JEQUITINHONHA (NE);2;30,1597444089457;126,7143
202102-prevs-ECMWF_ENS_EXT-02-2021-Diaria-IA+SMAP.rv3;Bacia;JEQUITINHONHA (NE);3;125,06922257721;525,4706
202102-prevs-ECMWF_ENS_EXT-02-2021-Diaria-IA+SMAP.rv3;Bacia;JEQUITINHONHA (NE);4;121,150159744409;509,0049
202102-prevs-ECMWF_ENS_EXT-02-2021-Diaria-IA+SMAP.rv3;Bacia;JEQUITINHONHA (NE);5;106,265944434737;388,7337
202102-prevs-ECMWF_ENS_EXT-02-2021-Diaria-IA+SMAP.rv3;Bacia;JEQUITINHONHA (NE);6;123,172951885566;423,8128
202102-prevs-ECMWF_ENS_EXT-02-2021-Diaria-IA+SMAP.rv3;Bacia;JEQUITINHONHA (NE);M;76,9815913585881;323,433392857143
202102-prevs-ECMWF_ENS_EXT-02-2021-Diaria-IA+SMAP.rv3;Bacia;PARNAIBA;1;40,5856831451381;106,2858
202102-prevs-ECMWF_ENS_EXT-02-2021-Diaria-IA+SMAP.rv3;Bacia;PARNAIBA;2;55,8225097927272;150,76
202102-prevs-ECMWF_ENS_EXT-02-2021-Diaria-IA+SMAP.rv3;Bacia;PARNAIBA;3;83,4546521401272;225,3862
202102-prevs-ECMWF_ENS_EXT-02-2021-Diaria-IA+SMAP.rv3;Bacia;PARNAIBA;4;84,1524335125363;227,2707
202102-prevs-ECMWF_ENS_EXT-02-2021-Diaria-IA+SMAP.rv3;Bacia;PARNAIBA;5;82,1415519551712;231,0397
202102-prevs-ECMWF_ENS_EXT-02-2021-Diaria-IA+SMAP.rv3;Bacia;PARNAIBA;6;85,9977817080848;245,7388
202102-prevs-ECMWF_ENS_EXT-02-2021-Diaria-IA+SMAP.rv3;Bacia;PARNAIBA;M;68,9956252732788;186,336667857143
202102-prevs-ECMWF_ENS_EXT-02-2021-Diaria-IA+SMAP.rv3;Bacia;TOCANTINS (SE);1;29,8893052052092;1468,3938
202102-prevs-ECMWF_ENS_EXT-02-2021-Diaria-IA+SMAP.rv3;Bacia;TOCANTINS (SE);2;62,4210143113997;3178,2183
202102-prevs-ECMWF_ENS_EXT-02-2021-Diaria-IA+SMAP.rv3;Bacia;TOCANTINS (SE);3;90,4499800461828;4605,3366
202102-prevs-ECMWF_ENS_EXT-02-2021-Diaria-IA+SMAP.rv3;Bacia;TOCANTINS (SE);4;127,533132281961;6493,4564
202102-prevs-ECMWF_ENS_EXT-02-2021-Diaria-IA+SMAP.rv3;Bacia;TOCANTINS (SE);5;122,40658357215;6039,0698
202102-prevs-ECMWF_ENS_EXT-02-2021-Diaria-IA+SMAP.rv3;Bacia;TOCANTINS (SE);6;124,751723171474;6075,9425
202102-prevs-ECMWF_ENS_EXT-02-2021-Diaria-IA+SMAP.rv3;Bacia;TOCANTINS (SE);M;83,7230267799813;4262,82813214286
202102-prevs-ECMWF_ENS_EXT-02-2021-Diaria-IA+SMAP.rv3;Bacia;ITABAPOANA;1;42,1738988687119;35,4249
202102-prevs-ECMWF_ENS_EXT-02-2021-Diaria-IA+SMAP.rv3;Bacia;ITABAPOANA;2;180,535401551163;138,3258
202102-prevs-ECMWF_ENS_EXT-02-2021-Diaria-IA+SMAP.rv3;Bacia;ITABAPOANA;3;123,292469352014;94,4664
202102-prevs-ECMWF_ENS_EXT-02-2021-Diaria-IA+SMAP.rv3;Bacia;ITABAPOANA;4;110,082561921441;84,345
202102-prevs-ECMWF_ENS_EXT-02-2021-Diaria-IA+SMAP.rv3;Bacia;ITABAPOANA;5;125,035340171808;94,4664
202102-prevs-ECMWF_ENS_EXT-02-2021-Diaria-IA+SMAP.rv3;Bacia;ITABAPOANA;6;125,746363868334;94,4664
202102-prevs-ECMWF_ENS_EXT-02-2021-Diaria-IA+SMAP.rv3;Bacia;ITABAPOANA;M;120,540405303978;92,357775
202102-prevs-ECMWF_ENS_EXT-02-2021-Diaria-IA+SMAP.rv3;Bacia;ARAGUARI;1;170,894005153695;723,8882
202102-prevs-ECMWF_ENS_EXT-02-2021-Diaria-IA+SMAP.rv3;Bacia;ARAGUARI;2;187,086397909222;916,2391
202102-prevs-ECMWF_ENS_EXT-02-2021-Diaria-IA+SMAP.rv3;Bacia;ARAGUARI;3;219,167446436565;1073,3532
202102-prevs-ECMWF_ENS_EXT-02-2021-Diaria-IA+SMAP.rv3;Bacia;ARAGUARI;4;233,490502240559;1143,4991
202102-prevs-ECMWF_ENS_EXT-02-2021-Diaria-IA+SMAP.rv3;Bacia;ARAGUARI;5;163,911415236222;1100,8043
202102-prevs-ECMWF_ENS_EXT-02-2021-Diaria-IA+SMAP.rv3;Bacia;ARAGUARI;6;161,930882048136;1205,2878
202102-prevs-ECMWF_ENS_EXT-02-2021-Diaria-IA+SMAP.rv3;Bacia;ARAGUARI;M;202,385985591201;991,167478571429
202102-prevs-ECMWF_ENS_EXT-02-2021-Diaria-IA+SMAP.rv3;Bacia;TIETE;1;40,9473439668322;639,8624
202102-prevs-ECMWF_ENS_EXT-02-2021-Diaria-IA+SMAP.rv3;Bacia;TIETE;2;37,5260902945186;595,29635
202102-prevs-ECMWF_ENS_EXT-02-2021-Diaria-IA+SMAP.rv3;Bacia;TIETE;3;39,8385134691137;631,97955
202102-prevs-ECMWF_ENS_EXT-02-2021-Diaria-IA+SMAP.rv3;Bacia;TIETE;4;43,7283469793623;693,68605
202102-prevs-ECMWF_ENS_EXT-02-2021-Diaria-IA+SMAP.rv3;Bacia;TIETE;5;57,7749712010711;830,44685
202102-prevs-ECMWF_ENS_EXT-02-2021-Diaria-IA+SMAP.rv3;Bacia;TIETE;6;60,0815666269513;827,79965
202102-prevs-ECMWF_ENS_EXT-02-2021-Diaria-IA+SMAP.rv3;Bacia;TIETE;M;41,2152378909606;653,8192625
202102-prevs-ECMWF_ENS_EXT-02-2021-Diaria-IA+SMAP.rv3;Bacia;PARAGUAI;1;64,6400636338396;439,8601
202102-prevs-ECMWF_ENS_EXT-02-2021-Diaria-IA+SMAP.rv3;Bacia;PARAGUAI;2;61,5508367427723;429,7227
202102-prevs-ECMWF_ENS_EXT-02-2021-Diaria-IA+SMAP.rv3;Bacia;PARAGUAI;3;75,3057695599035;525,754
202102-prevs-ECMWF_ENS_EXT-02-2021-Diaria-IA+SMAP.rv3;Bacia;PARAGUAI;4;84,6475671956012;590,9746
202102-prevs-ECMWF_ENS_EXT-02-2021-Diaria-IA+SMAP.rv3;Bacia;PARAGUAI;5;90,3839726822635;627,0849
202102-prevs-ECMWF_ENS_EXT-02-2021-Diaria-IA+SMAP.rv3;Bacia;PARAGUAI;6;87,1753638139973;603,3039
202102-prevs-ECMWF_ENS_EXT-02-2021-Diaria-IA+SMAP.rv3;Bacia;PARAGUAI;M;73,0422521904366;509,95105
202102-prevs-ECMWF_ENS_EXT-02-2021-Diaria-IA+SMAP.rv3;Bacia;PARAGUACU;1;3,87230609657716;5,5752
202102-prevs-ECMWF_ENS_EXT-02-2021-Diaria-IA+SMAP.rv3;Bacia;PARAGUACU;2;24,6807882500554;35,3096
202102-prevs-ECMWF_ENS_EXT-02-2021-Diaria-IA+SMAP.rv3;Bacia;PARAGUACU;3;31,1757325263857;44,6016
202102-prevs-ECMWF_ENS_EXT-02-2021-Diaria-IA+SMAP.rv3;Bacia;PARAGUACU;4;40,2686545132482;57,6104
202102-prevs-ECMWF_ENS_EXT-02-2021-Diaria-IA+SMAP.rv3;Bacia;PARAGUACU;5;37,3202385128025;52,9644
202102-prevs-ECMWF_ENS_EXT-02-2021-Diaria-IA+SMAP.rv3;Bacia;PARAGUACU;6;42,03926252146;59,4688
202102-prevs-ECMWF_ENS_EXT-02-2021-Diaria-IA+SMAP.rv3;Bacia;PARAGUACU;M;27,3715508788208;39,1591428571429
202102-prevs-ECMWF_ENS_EXT-02-2021-Diaria-IA+SMAP.rv3;Bacia;JEQUITINHONHA (SE);1;13,8945627247779;52,8444
202102-prevs-ECMWF_ENS_EXT-02-2021-Diaria-IA+SMAP.rv3;Bacia;JEQUITINHONHA (SE);2;220,545905707196;741,2895
202102-prevs-ECMWF_ENS_EXT-02-2021-Diaria-IA+SMAP.rv3;Bacia;JEQUITINHONHA (SE);3;106,997518610422;359,6355
202102-prevs-ECMWF_ENS_EXT-02-2021-Diaria-IA+SMAP.rv3;Bacia;JEQUITINHONHA (SE);4;65,5086848635236;220,185
202102-prevs-ECMWF_ENS_EXT-02-2021-Diaria-IA+SMAP.rv3;Bacia;JEQUITINHONHA (SE);5;92,0847866917091;286,2405
202102-prevs-ECMWF_ENS_EXT-02-2021-Diaria-IA+SMAP.rv3;Bacia;JEQUITINHONHA (SE);6;124,466137888957;374,3145
202102-prevs-ECMWF_ENS_EXT-02-2021-Diaria-IA+SMAP.rv3;Bacia;JEQUITINHONHA (SE);M;107,153491669621;360,15975
202102-prevs-ECMWF_ENS_EXT-02-2021-Diaria-IA+SMAP.rv3;Bacia;AMAZONAS (N);1;126,85415038516;470,5227
202102-prevs-ECMWF_ENS_EXT-02-2021-Diaria-IA+SMAP.rv3;Bacia;AMAZONAS (N);2;116,35542940278;480,0459
202102-prevs-ECMWF_ENS_EXT-02-2021-Diaria-IA+SMAP.rv3;Bacia;AMAZONAS (N);3;142,4660240616;587,77
202102-prevs-ECMWF_ENS_EXT-02-2021-Diaria-IA+SMAP.rv3;Bacia;AMAZONAS (N);4;172,455562053466;711,4974
202102-prevs-ECMWF_ENS_EXT-02-2021-Diaria-IA+SMAP.rv3;Bacia;AMAZONAS (N);5;131,595095298293;662,7574
202102-prevs-ECMWF_ENS_EXT-02-2021-Diaria-IA+SMAP.rv3;Bacia;AMAZONAS (N);6;128,460114865957;693,7616
202102-prevs-ECMWF_ENS_EXT-02-2021-Diaria-IA+SMAP.rv3;Bacia;AMAZONAS (N);M;139,659229847311;576,19005
202102-prevs-ECMWF_ENS_EXT-02-2021-Diaria-IA+SMAP.rv3;Bacia;TOCANTINS (N);1;37,8600290637351;4510,9615
202102-prevs-ECMWF_ENS_EXT-02-2021-Diaria-IA+SMAP.rv3;Bacia;TOCANTINS (N);2;40,3509289402902;5189,5812
202102-prevs-ECMWF_ENS_EXT-02-2021-Diaria-IA+SMAP.rv3;Bacia;TOCANTINS (N);3;65,6140119399568;8438,6965
202102-prevs-ECMWF_ENS_EXT-02-2021-Diaria-IA+SMAP.rv3;Bacia;TOCANTINS (N);4;132,980973921173;17102,842
202102-prevs-ECMWF_ENS_EXT-02-2021-Diaria-IA+SMAP.rv3;Bacia;TOCANTINS (N);5;114,733026017347;16405,4984
202102-prevs-ECMWF_ENS_EXT-02-2021-Diaria-IA+SMAP.rv3;Bacia;TOCANTINS (N);6;107,697418222913;16018,8453
202102-prevs-ECMWF_ENS_EXT-02-2021-Diaria-IA+SMAP.rv3;Bacia;TOCANTINS (N);M;75,1111134660337;9660,13007857143
202102-prevs-ECMWF_ENS_EXT-02-2021-Diaria-IA+SMAP.rv3;Bacia;MUCURI;1;6,66851101194414;4,0176
202102-prevs-ECMWF_ENS_EXT-02-2021-Diaria-IA+SMAP.rv3;Bacia;MUCURI;2;14,0747012889265;7,5888
202102-prevs-ECMWF_ENS_EXT-02-2021-Diaria-IA+SMAP.rv3;Bacia;MUCURI;3;32,2890206040079;17,4096
202102-prevs-ECMWF_ENS_EXT-02-2021-Diaria-IA+SMAP.rv3;Bacia;MUCURI;4;30,633173393546;16,5168
202102-prevs-ECMWF_ENS_EXT-02-2021-Diaria-IA+SMAP.rv3;Bacia;MUCURI;5;37,211345726132;19,6416
202102-prevs-ECMWF_ENS_EXT-02-2021-Diaria-IA+SMAP.rv3;Bacia;MUCURI;6;35,8278402481582;18,7488
202102-prevs-ECMWF_ENS_EXT-02-2021-Diaria-IA+SMAP.rv3;Bacia;MUCURI;M;23,1818609464672;12,4992
202102-prevs-ECMWF_ENS_EXT-02-2021-Diaria-IA+SMAP.rv3;Bacia;XINGU;1;53,3227346422665;4291,35675714286
202102-prevs-ECMWF_ENS_EXT-02-2021-Diaria-IA+SMAP.rv3;Bacia;XINGU;2;43,0391762413936;3881,6032
202102-prevs-ECMWF_ENS_EXT-02-2021-Diaria-IA+SMAP.rv3;Bacia;XINGU;3;51,7224027232143;4664,7232
202102-prevs-ECMWF_ENS_EXT-02-2021-Diaria-IA+SMAP.rv3;Bacia;XINGU;4;65,7758708137919;5932,1728
202102-prevs-ECMWF_ENS_EXT-02-2021-Diaria-IA+SMAP.rv3;Bacia;XINGU;5;64,2228335289892;6497,74032857143
202102-prevs-ECMWF_ENS_EXT-02-2021-Diaria-IA+SMAP.rv3;Bacia;XINGU;6;75,7368294734332;7995,5238
202102-prevs-ECMWF_ENS_EXT-02-2021-Diaria-IA+SMAP.rv3;Bacia;XINGU;M;53,7774464715374;4850,06281581633
202103-prevs-ECMWF_ENS_EXT-02-2021-Diaria-IA+SMAP.rv0;Submercado;SIN;1;94,0856398852204;109873,222878571
202103-prevs-ECMWF_ENS_EXT-02-2021-Diaria-IA+SMAP.rv0;Submercado;SIN;2;99,468421050477;116361,32233
202103-prevs-ECMWF_ENS_EXT-02-2021-Diaria-IA+SMAP.rv0;Submercado;SIN;3;98,6183372798639;115366,8673
202103-prevs-ECMWF_ENS_EXT-02-2021-Diaria-IA+SMAP.rv0;Submercado;SIN;4;97,838594176854;114454,69902
202103-prevs-ECMWF_ENS_EXT-02-2021-Diaria-IA+SMAP.rv0;Submercado;SIN;5;97,0639510942041;108821,620205714
202103-prevs-ECMWF_ENS_EXT-02-2021-Diaria-IA+SMAP.rv0;Submercado;SIN;6;103,613775575694;103550,23638
202103-prevs-ECMWF_ENS_EXT-02-2021-Diaria-IA+SMAP.rv0;Submercado;SIN;M;96,9743609302142;113443,691482949
202103-prevs-ECMWF_ENS_EXT-02-2021-Diaria-IA+SMAP.rv0;Submercado;SUDESTE;1;104,093257407682;72312,17085
202103-prevs-ECMWF_ENS_EXT-02-2021-Diaria-IA+SMAP.rv0;Submercado;SUDESTE;2;109,111202590752;75232,84893
202103-prevs-ECMWF_ENS_EXT-02-2021-Diaria-IA+SMAP.rv0;Submercado;SUDESTE;3;103,855790508762;71609,2098
202103-prevs-ECMWF_ENS_EXT-02-2021-Diaria-IA+SMAP.rv0;Submercado;SUDESTE;4;100,776518227718;69486,03252
202103-prevs-ECMWF_ENS_EXT-02-2021-Diaria-IA+SMAP.rv0;Submercado;SUDESTE;5;100,506109846773;65220,35492
202103-prevs-ECMWF_ENS_EXT-02-2021-Diaria-IA+SMAP.rv0;Submercado;SUDESTE;6;112,247549613004;61450,15748
202103-prevs-ECMWF_ENS_EXT-02-2021-Diaria-IA+SMAP.rv0;Submercado;SUDESTE;M;103,017124087359;71030,944116129
202103-prevs-ECMWF_ENS_EXT-02-2021-Diaria-IA+SMAP.rv0;Submercado;SUL;1;58,0593651557602;4327,4501
202103-prevs-ECMWF_ENS_EXT-02-2021-Diaria-IA+SMAP.rv0;Submercado;SUL;2;63,5438119989418;4507,3386
202103-prevs-ECMWF_ENS_EXT-02-2021-Diaria-IA+SMAP.rv0;Submercado;SUL;3;65,332963896445;4634,2481
202103-prevs-ECMWF_ENS_EXT-02-2021-Diaria-IA+SMAP.rv0;Submercado;SUL;4;68,3930375418074;4851,3076
202103-prevs-ECMWF_ENS_EXT-02-2021-Diaria-IA+SMAP.rv0;Submercado;SUL;5;75,9395439717887;5278,127
202103-prevs-ECMWF_ENS_EXT-02-2021-Diaria-IA+SMAP.rv0;Submercado;SUL;6;86,1197379278712;5678,152
202103-prevs-ECMWF_ENS_EXT-02-2021-Diaria-IA+SMAP.rv0;Submercado;SUL;M;66,3864168876876;4708,97243870968
202103-prevs-ECMWF_ENS_EXT-02-2021-Diaria-IA+SMAP.rv0;Submercado;NORDESTE;1;66,9756651291178;9554,9654
202103-prevs-ECMWF_ENS_EXT-02-2021-Diaria-IA+SMAP.rv0;Submercado;NORDESTE;2;80,3004353409383;11421,921
202103-prevs-ECMWF_ENS_EXT-02-2021-Diaria-IA+SMAP.rv0;Submercado;NORDESTE;3;91,071435294514;12953,9863
202103-prevs-ECMWF_ENS_EXT-02-2021-Diaria-IA+SMAP.rv0;Submercado;NORDESTE;4;86,1359650029349;12251,9658
202103-prevs-ECMWF_ENS_EXT-02-2021-Diaria-IA+SMAP.rv0;Submercado;NORDESTE;5;84,0594037516843;11327,414
202103-prevs-ECMWF_ENS_EXT-02-2021-Diaria-IA+SMAP.rv0;Submercado;NORDESTE;6;92,1352577554097;10691,6007
202103-prevs-ECMWF_ENS_EXT-02-2021-Diaria-IA+SMAP.rv0;Submercado;NORDESTE;M;81,8261314183369;11638,9357645161
202103-prevs-ECMWF_ENS_EXT-02-2021-Diaria-IA+SMAP.rv0;Submercado;NORTE;1;92,5251895893356;23678,6365285714
202103-prevs-ECMWF_ENS_EXT-02-2021-Diaria-IA+SMAP.rv0;Submercado;NORTE;2;94,3250230003491;25199,2138
202103-prevs-ECMWF_ENS_EXT-02-2021-Diaria-IA+SMAP.rv0;Submercado;NORTE;3;97,9566844983619;26169,4231
202103-prevs-ECMWF_ENS_EXT-02-2021-Diaria-IA+SMAP.rv0;Submercado;NORTE;4;104,304994034031;27865,3931
202103-prevs-ECMWF_ENS_EXT-02-2021-Diaria-IA+SMAP.rv0;Submercado;NORTE;5;100,747336672223;26995,7242857143
202103-prevs-ECMWF_ENS_EXT-02-2021-Diaria-IA+SMAP.rv0;Submercado;NORTE;6;95,3119806535094;25730,3262
202103-prevs-ECMWF_ENS_EXT-02-2021-Diaria-IA+SMAP.rv0;Submercado;NORTE;M;97,5652087052989;26064,8391635945
202103-prevs-ECMWF_ENS_EXT-02-2021-Diaria-IA+SMAP.rv0;REE;SIN;1;94,0856573622817;109873,222878571
202103-prevs-ECMWF_ENS_EXT-02-2021-Diaria-IA+SMAP.rv0;REE;SIN;2;99,4684309823243;116361,32233
202103-prevs-ECMWF_ENS_EXT-02-2021-Diaria-IA+SMAP.rv0;REE;SIN;3;98,6183471268311;115366,8673
202103-prevs-ECMWF_ENS_EXT-02-2021-Diaria-IA+SMAP.rv0;REE;SIN;4;97,8386039459644;114454,69902
202103-prevs-ECMWF_ENS_EXT-02-2021-Diaria-IA+SMAP.rv0;REE;SIN;5;97,0639554282367;108821,620205714
202103-prevs-ECMWF_ENS_EXT-02-2021-Diaria-IA+SMAP.rv0;REE;SIN;6;103,613763465474;103550,23638
202103-prevs-ECMWF_ENS_EXT-02-2021-Diaria-IA+SMAP.rv0;REE;SIN;M;96,9743706130315;113443,691482949
202103-prevs-ECMWF_ENS_EXT-02-2021-Diaria-IA+SMAP.rv0;REE;PARANA;1;100,373932113809;36868,45245
202103-prevs-ECMWF_ENS_EXT-02-2021-Diaria-IA+SMAP.rv0;REE;PARANA;2;109,52860964849;39572,52977
202103-prevs-ECMWF_ENS_EXT-02-2021-Diaria-IA+SMAP.rv0;REE;PARANA;3;103,250178251759;37304,1415
202103-prevs-ECMWF_ENS_EXT-02-2021-Diaria-IA+SMAP.rv0;REE;PARANA;4;97,0574904831064;35066,73228
202103-prevs-ECMWF_ENS_EXT-02-2021-Diaria-IA+SMAP.rv0;REE;PARANA;5;97,6735528231974;32654,96268
202103-prevs-ECMWF_ENS_EXT-02-2021-Diaria-IA+SMAP.rv0;REE;PARANA;6;110,753750744936;29560,18892
202103-prevs-ECMWF_ENS_EXT-02-2021-Diaria-IA+SMAP.rv0;REE;PARANA;M;100,999561219903;36490,9967903226
202103-prevs-ECMWF_ENS_EXT-02-2021-Diaria-IA+SMAP.rv0;REE;PRNPANEMA;1;52,6398021884315;1761,6581
202103-prevs-ECMWF_ENS_EXT-02-2021-Diaria-IA+SMAP.rv0;REE;PRNPANEMA;2;58,9589208842167;1862,9845
202103-prevs-ECMWF_ENS_EXT-02-2021-Diaria-IA+SMAP.rv0;REE;PRNPANEMA;3;63,7554889539208;2014,5465
202103-prevs-ECMWF_ENS_EXT-02-2021-Diaria-IA+SMAP.rv0;REE;PRNPANEMA;4;63,202549048138;1997,0747
202103-prevs-ECMWF_ENS_EXT-02-2021-Diaria-IA+SMAP.rv0;REE;PRNPANEMA;5;68,835657550235;2021,8745
202103-prevs-ECMWF_ENS_EXT-02-2021-Diaria-IA+SMAP.rv0;REE;PRNPANEMA;6;81,9615581662905;1951,3969
202103-prevs-ECMWF_ENS_EXT-02-2021-Diaria-IA+SMAP.rv0;REE;PRNPANEMA;M;61,2940857926926;1936,77106129032
202103-prevs-ECMWF_ENS_EXT-02-2021-Diaria-IA+SMAP.rv0;REE;IGUACU;1;54,3233364220647;2219,5492
202103-prevs-ECMWF_ENS_EXT-02-2021-Diaria-IA+SMAP.rv0;REE;IGUACU;2;59,0115250392151;2325,4519
202103-prevs-ECMWF_ENS_EXT-02-2021-Diaria-IA+SMAP.rv0;REE;IGUACU;3;60,0486673825861;2366,3223
202103-prevs-ECMWF_ENS_EXT-02-2021-Diaria-IA+SMAP.rv0;REE;IGUACU;4;62,4076114863334;2459,2806
202103-prevs-ECMWF_ENS_EXT-02-2021-Diaria-IA+SMAP.rv0;REE;IGUACU;5;70,1912577201117;2646,037
202103-prevs-ECMWF_ENS_EXT-02-2021-Diaria-IA+SMAP.rv0;REE;IGUACU;6;87,673456113744;2930,4414
202103-prevs-ECMWF_ENS_EXT-02-2021-Diaria-IA+SMAP.rv0;REE;IGUACU;M;60,8912637591802;2399,52627741935
202103-prevs-ECMWF_ENS_EXT-02-2021-Diaria-IA+SMAP.rv0;REE;SUL;1;62,592072629006;2107,9009
202103-prevs-ECMWF_ENS_EXT-02-2021-Diaria-IA+SMAP.rv0;REE;SUL;2;69,209056466788;2181,8867
202103-prevs-ECMWF_ENS_EXT-02-2021-Diaria-IA+SMAP.rv0;REE;SUL;3;71,9382013532991;2267,9258
202103-prevs-ECMWF_ENS_EXT-02-2021-Diaria-IA+SMAP.rv0;REE;SUL;4;75,8746692544033;2392,027
202103-prevs-ECMWF_ENS_EXT-02-2021-Diaria-IA+SMAP.rv0;REE;SUL;5;82,7524329376573;2632,09
202103-prevs-ECMWF_ENS_EXT-02-2021-Diaria-IA+SMAP.rv0;REE;SUL;6;84,5222513036732;2747,7106
202103-prevs-ECMWF_ENS_EXT-02-2021-Diaria-IA+SMAP.rv0;REE;SUL;M;73,2552197984198;2309,44616129032
202103-prevs-ECMWF_ENS_EXT-02-2021-Diaria-IA+SMAP.rv0;REE;SUDESTE;1;122,635557162217;12202,0358
202103-prevs-ECMWF_ENS_EXT-02-2021-Diaria-IA+SMAP.rv0;REE;SUDESTE;2;119,241158682685;11664,01266
202103-prevs-ECMWF_ENS_EXT-02-2021-Diaria-IA+SMAP.rv0;REE;SUDESTE;3;110,469574705269;10805,9879
202103-prevs-ECMWF_ENS_EXT-02-2021-Diaria-IA+SMAP.rv0;REE;SUDESTE;4;112,683545917719;11022,55564
202103-prevs-ECMWF_ENS_EXT-02-2021-Diaria-IA+SMAP.rv0;REE;SUDESTE;5;104,402352200138;9474,82824
202103-prevs-ECMWF_ENS_EXT-02-2021-Diaria-IA+SMAP.rv0;REE;SUDESTE;6;123,566407376506;9031,32716
202103-prevs-ECMWF_ENS_EXT-02-2021-Diaria-IA+SMAP.rv0;REE;SUDESTE;M;113,057176238424;11059,1036645161
202103-prevs-ECMWF_ENS_EXT-02-2021-Diaria-IA+SMAP.rv0;REE;MADEIRA;1;121,495265591772;14173,5837
202103-prevs-ECMWF_ENS_EXT-02-2021-Diaria-IA+SMAP.rv0;REE;MADEIRA;2;118,781765602535;14402,6562
202103-prevs-ECMWF_ENS_EXT-02-2021-Diaria-IA+SMAP.rv0;REE;MADEIRA;3;116,601677668782;14138,3138
202103-prevs-ECMWF_ENS_EXT-02-2021-Diaria-IA+SMAP.rv0;REE;MADEIRA;4;116,586078891144;14136,4224
202103-prevs-ECMWF_ENS_EXT-02-2021-Diaria-IA+SMAP.rv0;REE;MADEIRA;5;116,519249174705;13960,1424
202103-prevs-ECMWF_ENS_EXT-02-2021-Diaria-IA+SMAP.rv0;REE;MADEIRA;6;120,455614821169;13997,1119
202103-prevs-ECMWF_ENS_EXT-02-2021-Diaria-IA+SMAP.rv0;REE;MADEIRA;M;116,900346344246;14174,5283
202103-prevs-ECMWF_ENS_EXT-02-2021-Diaria-IA+SMAP.rv0;REE;ITAIPU;1;95,4166282776141;3680,9099
202103-prevs-ECMWF_ENS_EXT-02-2021-Diaria-IA+SMAP.rv0;REE;ITAIPU;2;99,0931792918485;3759,0303
202103-prevs-ECMWF_ENS_EXT-02-2021-Diaria-IA+SMAP.rv0;REE;ITAIPU;3;90,6389621906572;3438,3255
202103-prevs-ECMWF_ENS_EXT-02-2021-Diaria-IA+SMAP.rv0;REE;ITAIPU;4;91,424770831473;3468,1346
202103-prevs-ECMWF_ENS_EXT-02-2021-Diaria-IA+SMAP.rv0;REE;ITAIPU;5;90,7295263371069;3382,8189
202103-prevs-ECMWF_ENS_EXT-02-2021-Diaria-IA+SMAP.rv0;REE;ITAIPU;6;92,9592689038471;3314,9775
202103-prevs-ECMWF_ENS_EXT-02-2021-Diaria-IA+SMAP.rv0;REE;ITAIPU;M;93,5208432682655;3547,64763870968
202103-prevs-ECMWF_ENS_EXT-02-2021-Diaria-IA+SMAP.rv0;REE;NORDESTE;1;66,9756651291178;9554,9654
202103-prevs-ECMWF_ENS_EXT-02-2021-Diaria-IA+SMAP.rv0;REE;NORDESTE;2;80,3004353409383;11421,921
202103-prevs-ECMWF_ENS_EXT-02-2021-Diaria-IA+SMAP.rv0;REE;NORDESTE;3;91,071435294514;12953,9863
202103-prevs-ECMWF_ENS_EXT-02-2021-Diaria-IA+SMAP.rv0;REE;NORDESTE;4;86,1359650029349;12251,9658
202103-prevs-ECMWF_ENS_EXT-02-2021-Diaria-IA+SMAP.rv0;REE;NORDESTE;5;84,0594037516843;11327,414
202103-prevs-ECMWF_ENS_EXT-02-2021-Diaria-IA+SMAP.rv0;REE;NORDESTE;6;92,1352577554097;10691,6007
202103-prevs-ECMWF_ENS_EXT-02-2021-Diaria-IA+SMAP.rv0;REE;NORDESTE;M;81,8261314183369;11638,9357645161
202103-prevs-ECMWF_ENS_EXT-02-2021-Diaria-IA+SMAP.rv0;REE;MAN;1;130,122243932335;1467,9504
202103-prevs-ECMWF_ENS_EXT-02-2021-Diaria-IA+SMAP.rv0;REE;MAN;2;119,552408434115;1473,0445
202103-prevs-ECMWF_ENS_EXT-02-2021-Diaria-IA+SMAP.rv0;REE;MAN;3;120,360438183637;1483,0005
202103-prevs-ECMWF_ENS_EXT-02-2021-Diaria-IA+SMAP.rv0;REE;MAN;4;114,651199941166;1412,6551
202103-prevs-ECMWF_ENS_EXT-02-2021-Diaria-IA+SMAP.rv0;REE;MAN;5;118,799731477149;1579,1783
202103-prevs-ECMWF_ENS_EXT-02-2021-Diaria-IA+SMAP.rv0;REE;MAN;6;111,267496928777;1749,2805
202103-prevs-ECMWF_ENS_EXT-02-2021-Diaria-IA+SMAP.rv0;REE;MAN;M;119,950785825045;1477,95303870968
202103-prevs-ECMWF_ENS_EXT-02-2021-Diaria-IA+SMAP.rv0;REE;TPIRES;1;92,5500356352382;3625,5309
202103-prevs-ECMWF_ENS_EXT-02-2021-Diaria-IA+SMAP.rv0;REE;TPIRES;2;100,285160248336;3971,6355
202103-prevs-ECMWF_ENS_EXT-02-2021-Diaria-IA+SMAP.rv0;REE;TPIRES;3;98,6756806344911;3907,8946
202103-prevs-ECMWF_ENS_EXT-02-2021-Diaria-IA+SMAP.rv0;REE;TPIRES;4;95,8279039798661;3795,1129
202103-prevs-ECMWF_ENS_EXT-02-2021-Diaria-IA+SMAP.rv0;REE;TPIRES;5;99,6936639223123;3725,7282
202103-prevs-ECMWF_ENS_EXT-02-2021-Diaria-IA+SMAP.rv0;REE;TPIRES;6;113,081421953576;3595,1551
202103-prevs-ECMWF_ENS_EXT-02-2021-Diaria-IA+SMAP.rv0;REE;TPIRES;M;96,5042031500828;3821,89666129032
202103-prevs-ECMWF_ENS_EXT-02-2021-Diaria-IA+SMAP.rv0;REE;NORTE;1;102,058347702107;14593,1657
202103-prevs-ECMWF_ENS_EXT-02-2021-Diaria-IA+SMAP.rv0;REE;NORTE;2;98,0733840831628;14587,3726
202103-prevs-ECMWF_ENS_EXT-02-2021-Diaria-IA+SMAP.rv0;REE;NORTE;3;97,8477928240802;14553,8183
202103-prevs-ECMWF_ENS_EXT-02-2021-Diaria-IA+SMAP.rv0;REE;NORTE;4;104,246988610234;15505,6306
202103-prevs-ECMWF_ENS_EXT-02-2021-Diaria-IA+SMAP.rv0;REE;NORTE;5;101,155154253406;14957,366
202103-prevs-ECMWF_ENS_EXT-02-2021-Diaria-IA+SMAP.rv0;REE;NORTE;6;101,488855130363;14785,0121
202103-prevs-ECMWF_ENS_EXT-02-2021-Diaria-IA+SMAP.rv0;REE;NORTE;M;99,8239800594613;14847,7551290323
202103-prevs-ECMWF_ENS_EXT-02-2021-Diaria-IA+SMAP.rv0;REE;BMONTE;1;74,941816667654;7617,52042857143
202103-prevs-ECMWF_ENS_EXT-02-2021-Diaria-IA+SMAP.rv0;REE;BMONTE;2;86,1400408281335;9138,7967
202103-prevs-ECMWF_ENS_EXT-02-2021-Diaria-IA+SMAP.rv0;REE;BMONTE;3;95,5074258405727;10132,6043
202103-prevs-ECMWF_ENS_EXT-02-2021-Diaria-IA+SMAP.rv0;REE;BMONTE;4;103,184730916047;10947,1074
202103-prevs-ECMWF_ENS_EXT-02-2021-Diaria-IA+SMAP.rv0;REE;BMONTE;5;97,93573669285;10459,1799857143
202103-prevs-ECMWF_ENS_EXT-02-2021-Diaria-IA+SMAP.rv0;REE;BMONTE;6;84,7119926254241;9196,0336
202103-prevs-ECMWF_ENS_EXT-02-2021-Diaria-IA+SMAP.rv0;REE;BMONTE;M;91,7986436456429;9739,13099585253
202103-prevs-ECMWF_ENS_EXT-02-2021-Diaria-IA+SMAP.rv0;Bacia;SIN;1;94,0856398852204;109873,222878571
202103-prevs-ECMWF_ENS_EXT-02-2021-Diaria-IA+SMAP.rv0;Bacia;SIN;2;99,468421050477;116361,32233
202103-prevs-ECMWF_ENS_EXT-02-2021-Diaria-IA+SMAP.rv0;Bacia;SIN;3;98,6183372798639;115366,8673
202103-prevs-ECMWF_ENS_EXT-02-2021-Diaria-IA+SMAP.rv0;Bacia;SIN;4;97,838594176854;114454,69902
202103-prevs-ECMWF_ENS_EXT-02-2021-Diaria-IA+SMAP.rv0;Bacia;SIN;5;97,0639510942041;108821,620205714
202103-prevs-ECMWF_ENS_EXT-02-2021-Diaria-IA+SMAP.rv0;Bacia;SIN;6;103,613775575694;103550,23638
202103-prevs-ECMWF_ENS_EXT-02-2021-Diaria-IA+SMAP.rv0;Bacia;SIN;M;96,9743609302142;113443,691482949
202103-prevs-ECMWF_ENS_EXT-02-2021-Diaria-IA+SMAP.rv0;Bacia;GRANDE;1;117,579397753146;9681,7555
202103-prevs-ECMWF_ENS_EXT-02-2021-Diaria-IA+SMAP.rv0;Bacia;GRANDE;2;126,592689036803;10100,6905
202103-prevs-ECMWF_ENS_EXT-02-2021-Diaria-IA+SMAP.rv0;Bacia;GRANDE;3;119,428369798287;9529,0574
202103-prevs-ECMWF_ENS_EXT-02-2021-Diaria-IA+SMAP.rv0;Bacia;GRANDE;4;106,287702436345;8480,5781
202103-prevs-ECMWF_ENS_EXT-02-2021-Diaria-IA+SMAP.rv0;Bacia;GRANDE;5;106,800634995659;7797,0241
202103-prevs-ECMWF_ENS_EXT-02-2021-Diaria-IA+SMAP.rv0;Bacia;GRANDE;6;119,793328312334;6714,0209
202103-prevs-ECMWF_ENS_EXT-02-2021-Diaria-IA+SMAP.rv0;Bacia;GRANDE;M;114,886303611448;9166,65096774193
202103-prevs-ECMWF_ENS_EXT-02-2021-Diaria-IA+SMAP.rv0;Bacia;PARANAIBA;1;106,940193068154;9852,8465
202103-prevs-ECMWF_ENS_EXT-02-2021-Diaria-IA+SMAP.rv0;Bacia;PARANAIBA;2;114,260412182177;10474,7109
202103-prevs-ECMWF_ENS_EXT-02-2021-Diaria-IA+SMAP.rv0;Bacia;PARANAIBA;3;106,462936647793;9759,885
202103-prevs-ECMWF_ENS_EXT-02-2021-Diaria-IA+SMAP.rv0;Bacia;PARANAIBA;4;102,292299044863;9377,5459
202103-prevs-ECMWF_ENS_EXT-02-2021-Diaria-IA+SMAP.rv0;Bacia;PARANAIBA;5;102,898311627094;8780,6498
202103-prevs-ECMWF_ENS_EXT-02-2021-Diaria-IA+SMAP.rv0;Bacia;PARANAIBA;6;115,665418326131;8036,5972
202103-prevs-ECMWF_ENS_EXT-02-2021-Diaria-IA+SMAP.rv0;Bacia;PARANAIBA;M;105,722599209569;9692,01529354839
202103-prevs-ECMWF_ENS_EXT-02-2021-Diaria-IA+SMAP.rv0;Bacia;ALTO PARANA;1;93,5977057947142;4987,1229
202103-prevs-ECMWF_ENS_EXT-02-2021-Diaria-IA+SMAP.rv0;Bacia;ALTO PARANA;2;103,475220201525;5446,80462
202103-prevs-ECMWF_ENS_EXT-02-2021-Diaria-IA+SMAP.rv0;Bacia;ALTO PARANA;3;96,3846313954527;5073,565
202103-prevs-ECMWF_ENS_EXT-02-2021-Diaria-IA+SMAP.rv0;Bacia;ALTO PARANA;4;92,208620649049;4853,74508
202103-prevs-ECMWF_ENS_EXT-02-2021-Diaria-IA+SMAP.rv0;Bacia;ALTO PARANA;5;93,9860478264128;4596,91828
202103-prevs-ECMWF_ENS_EXT-02-2021-Diaria-IA+SMAP.rv0;Bacia;ALTO PARANA;6;106,931724579142;4233,47232
202103-prevs-ECMWF_ENS_EXT-02-2021-Diaria-IA+SMAP.rv0;Bacia;ALTO PARANA;M;95,3174017188466;5017,38738064516
202103-prevs-ECMWF_ENS_EXT-02-2021-Diaria-IA+SMAP.rv0;Bacia;PARANAPANEMA (SE);1;53,1988800895348;1025,6817
202103-prevs-ECMWF_ENS_EXT-02-2021-Diaria-IA+SMAP.rv0;Bacia;PARANAPANEMA (SE);2;59,4928861375362;1084,8642
202103-prevs-ECMWF_ENS_EXT-02-2021-Diaria-IA+SMAP.rv0;Bacia;PARANAPANEMA (SE);3;65,2677910648464;1190,1707
202103-prevs-ECMWF_ENS_EXT-02-2021-Diaria-IA+SMAP.rv0;Bacia;PARANAPANEMA (SE);4;65,5497732894596;1195,3127
202103-prevs-ECMWF_ENS_EXT-02-2021-Diaria-IA+SMAP.rv0;Bacia;PARANAPANEMA (SE);5;70,6472341173972;1195,4429
202103-prevs-ECMWF_ENS_EXT-02-2021-Diaria-IA+SMAP.rv0;Bacia;PARANAPANEMA (SE);6;82,1193581500833;1119,8258
202103-prevs-ECMWF_ENS_EXT-02-2021-Diaria-IA+SMAP.rv0;Bacia;PARANAPANEMA (SE);M;62,6191806518036;1141,87278064516
202103-prevs-ECMWF_ENS_EXT-02-2021-Diaria-IA+SMAP.rv0;Bacia;PARANAPANEMA (S);1;58,0991623487247;166,72
202103-prevs-ECMWF_ENS_EXT-02-2021-Diaria-IA+SMAP.rv0;Bacia;PARANAPANEMA (S);2;62,8158528574557;169,846
202103-prevs-ECMWF_ENS_EXT-02-2021-Diaria-IA+SMAP.rv0;Bacia;PARANAPANEMA (S);3;65,8988395007664;178,182
202103-prevs-ECMWF_ENS_EXT-02-2021-Diaria-IA+SMAP.rv0;Bacia;PARANAPANEMA (S);4;66,6695861615941;180,266
202103-prevs-ECMWF_ENS_EXT-02-2021-Diaria-IA+SMAP.rv0;Bacia;PARANAPANEMA (S);5;57,2818608788232;143,796
202103-prevs-ECMWF_ENS_EXT-02-2021-Diaria-IA+SMAP.rv0;Bacia;PARANAPANEMA (S);6;67,3600560944256;136,502
202103-prevs-ECMWF_ENS_EXT-02-2021-Diaria-IA+SMAP.rv0;Bacia;PARANAPANEMA (S);M;62,6418132888817;169,375419354839
202103-prevs-ECMWF_ENS_EXT-02-2021-Diaria-IA+SMAP.rv0;Bacia;IGUACU;1;54,0381182477631;2052,8292
202103-prevs-ECMWF_ENS_EXT-02-2021-Diaria-IA+SMAP.rv0;Bacia;IGUACU;2;58,731263196034;2155,6059
202103-prevs-ECMWF_ENS_EXT-02-2021-Diaria-IA+SMAP.rv0;Bacia;IGUACU;3;59,6176897962419;2188,1403
202103-prevs-ECMWF_ENS_EXT-02-2021-Diaria-IA+SMAP.rv0;Bacia;IGUACU;4;62,0936351585436;2279,0146
202103-prevs-ECMWF_ENS_EXT-02-2021-Diaria-IA+SMAP.rv0;Bacia;IGUACU;5;71,1122391135879;2502,241
202103-prevs-ECMWF_ENS_EXT-02-2021-Diaria-IA+SMAP.rv0;Bacia;IGUACU;6;88,9844980026743;2793,9394
202103-prevs-ECMWF_ENS_EXT-02-2021-Diaria-IA+SMAP.rv0;Bacia;IGUACU;M;60,7623021498726;2230,15085806452
202103-prevs-ECMWF_ENS_EXT-02-2021-Diaria-IA+SMAP.rv0;Bacia;URUGUAI;1;61,616275319614;1546,972
202103-prevs-ECMWF_ENS_EXT-02-2021-Diaria-IA+SMAP.rv0;Bacia;URUGUAI;2;67,3770802858395;1578,8468
202103-prevs-ECMWF_ENS_EXT-02-2021-Diaria-IA+SMAP.rv0;Bacia;URUGUAI;3;69,7199433937843;1633,7471
202103-prevs-ECMWF_ENS_EXT-02-2021-Diaria-IA+SMAP.rv0;Bacia;URUGUAI;4;74,9197652209691;1755,5945
202103-prevs-ECMWF_ENS_EXT-02-2021-Diaria-IA+SMAP.rv0;Bacia;URUGUAI;5;81,7896362896117;1932,2543
202103-prevs-ECMWF_ENS_EXT-02-2021-Diaria-IA+SMAP.rv0;Bacia;URUGUAI;6;83,1174393617692;2003,4549
202103-prevs-ECMWF_ENS_EXT-02-2021-Diaria-IA+SMAP.rv0;Bacia;URUGUAI;M;71,8224243336943;1683,01452580645
202103-prevs-ECMWF_ENS_EXT-02-2021-Diaria-IA+SMAP.rv0;Bacia;JACUI;1;63,0125375147722;311,7905
202103-prevs-ECMWF_ENS_EXT-02-2021-Diaria-IA+SMAP.rv0;Bacia;JACUI;2;68,3222847425528;319,4637
202103-prevs-ECMWF_ENS_EXT-02-2021-Diaria-IA+SMAP.rv0;Bacia;JACUI;3;75,9650915112161;355,2002
202103-prevs-ECMWF_ENS_EXT-02-2021-Diaria-IA+SMAP.rv0;Bacia;JACUI;4;76,2864245228406;356,7027
202103-prevs-ECMWF_ENS_EXT-02-2021-Diaria-IA+SMAP.rv0;Bacia;JACUI;5;84,0806004076829;422,1693
202103-prevs-ECMWF_ENS_EXT-02-2021-Diaria-IA+SMAP.rv0;Bacia;JACUI;6;83,4135119541474;490,8
202103-prevs-ECMWF_ENS_EXT-02-2021-Diaria-IA+SMAP.rv0;Bacia;JACUI;M;75,1245239524306;351,26984516129
202103-prevs-ECMWF_ENS_EXT-02-2021-Diaria-IA+SMAP.rv0;Bacia;ITAJAI-ACU;1;53,819160973374;108,763
202103-prevs-ECMWF_ENS_EXT-02-2021-Diaria-IA+SMAP.rv0;Bacia;ITAJAI-ACU;2;62,7146096533852;117,678
202103-prevs-ECMWF_ENS_EXT-02-2021-Diaria-IA+SMAP.rv0;Bacia;ITAJAI-ACU;3;63,6648310117698;119,461
202103-prevs-ECMWF_ENS_EXT-02-2021-Diaria-IA+SMAP.rv0;Bacia;ITAJAI-ACU;4;67,4657164453083;126,593
202103-prevs-ECMWF_ENS_EXT-02-2021-Diaria-IA+SMAP.rv0;Bacia;ITAJAI-ACU;5;79,4013760316052;137,291
202103-prevs-ECMWF_ENS_EXT-02-2021-Diaria-IA+SMAP.rv0;Bacia;ITAJAI-ACU;6;87,7903513996426;119,461
202103-prevs-ECMWF_ENS_EXT-02-2021-Diaria-IA+SMAP.rv0;Bacia;ITAJAI-ACU;M;64,9215753889882;121,819161290323
202103-prevs-ECMWF_ENS_EXT-02-2021-Diaria-IA+SMAP.rv0;Bacia;CAPIVARI;1;87,6641438644156;140,3754
202103-prevs-ECMWF_ENS_EXT-02-2021-Diaria-IA+SMAP.rv0;Bacia;CAPIVARI;2;107,670588235294;165,8982
202103-prevs-ECMWF_ENS_EXT-02-2021-Diaria-IA+SMAP.rv0;Bacia;CAPIVARI;3;103,529411764706;159,5175
202103-prevs-ECMWF_ENS_EXT-02-2021-Diaria-IA+SMAP.rv0;Bacia;CAPIVARI;4;99,3882352941176;153,1368
202103-prevs-ECMWF_ENS_EXT-02-2021-Diaria-IA+SMAP.rv0;Bacia;CAPIVARI;5;98,0253164556962;140,3754
202103-prevs-ECMWF_ENS_EXT-02-2021-Diaria-IA+SMAP.rv0;Bacia;CAPIVARI;6;115,5;133,9947
202103-prevs-ECMWF_ENS_EXT-02-2021-Diaria-IA+SMAP.rv0;Bacia;CAPIVARI;M;99,5218216318786;153,342629032258
202103-prevs-ECMWF_ENS_EXT-02-2021-Diaria-IA+SMAP.rv0;Bacia;ALTO TIETE;1;187,79487725651;636,9864
202103-prevs-ECMWF_ENS_EXT-02-2021-Diaria-IA+SMAP.rv0;Bacia;ALTO TIETE;2;186,231772831926;613,62096
202103-prevs-ECMWF_ENS_EXT-02-2021-Diaria-IA+SMAP.rv0;Bacia;ALTO TIETE;3;151,957022256332;500,688
202103-prevs-ECMWF_ENS_EXT-02-2021-Diaria-IA+SMAP.rv0;Bacia;ALTO TIETE;4;152,294704528012;501,80064
202103-prevs-ECMWF_ENS_EXT-02-2021-Diaria-IA+SMAP.rv0;Bacia;ALTO TIETE;5;105,684463107379;318,21504
202103-prevs-ECMWF_ENS_EXT-02-2021-Diaria-IA+SMAP.rv0;Bacia;ALTO TIETE;6;127,648351648352;293,73696
202103-prevs-ECMWF_ENS_EXT-02-2021-Diaria-IA+SMAP.rv0;Bacia;ALTO TIETE;M;157,512440274305;518,992722580645
202103-prevs-ECMWF_ENS_EXT-02-2021-Diaria-IA+SMAP.rv0;Bacia;PARAIBA DO SUL;1;124,375207890672;1985,2184
202103-prevs-ECMWF_ENS_EXT-02-2021-Diaria-IA+SMAP.rv0;Bacia;PARAIBA DO SUL;2;116,826016050778;1851,9149
202103-prevs-ECMWF_ENS_EXT-02-2021-Diaria-IA+SMAP.rv0;Bacia;PARAIBA DO SUL;3;117,681780708612;1865,4804
202103-prevs-ECMWF_ENS_EXT-02-2021-Diaria-IA+SMAP.rv0;Bacia;PARAIBA DO SUL;4;114,917721739772;1821,6648
202103-prevs-ECMWF_ENS_EXT-02-2021-Diaria-IA+SMAP.rv0;Bacia;PARAIBA DO SUL;5;111,938417862504;1688,8085
202103-prevs-ECMWF_ENS_EXT-02-2021-Diaria-IA+SMAP.rv0;Bacia;PARAIBA DO SUL;6;120,028565053696;1581,3208
202103-prevs-ECMWF_ENS_EXT-02-2021-Diaria-IA+SMAP.rv0;Bacia;PARAIBA DO SUL;M;116,285108840301;1843,34049032258
202103-prevs-ECMWF_ENS_EXT-02-2021-Diaria-IA+SMAP.rv0;Bacia;DOCE;1;171,017193467214;2093,8928
202103-prevs-ECMWF_ENS_EXT-02-2021-Diaria-IA+SMAP.rv0;Bacia;DOCE;2;130,732288296453;1544,973
202103-prevs-ECMWF_ENS_EXT-02-2021-Diaria-IA+SMAP.rv0;Bacia;DOCE;3;120,713340639398;1426,5707
202103-prevs-ECMWF_ENS_EXT-02-2021-Diaria-IA+SMAP.rv0;Bacia;DOCE;4;117,873734943602;1393,0127
202103-prevs-ECMWF_ENS_EXT-02-2021-Diaria-IA+SMAP.rv0;Bacia;DOCE;5;108,743135780834;1196,9039
202103-prevs-ECMWF_ENS_EXT-02-2021-Diaria-IA+SMAP.rv0;Bacia;DOCE;6;122,419354077515;1099,1889
202103-prevs-ECMWF_ENS_EXT-02-2021-Diaria-IA+SMAP.rv0;Bacia;DOCE;M;128,307619313519;1516,31865483871
202103-prevs-ECMWF_ENS_EXT-02-2021-Diaria-IA+SMAP.rv0;Bacia;AMAZONAS (SE);1;114,218945877506;17799,1146
202103-prevs-ECMWF_ENS_EXT-02-2021-Diaria-IA+SMAP.rv0;Bacia;AMAZONAS (SE);2;114,227838304029;18374,2917
202103-prevs-ECMWF_ENS_EXT-02-2021-Diaria-IA+SMAP.rv0;Bacia;AMAZONAS (SE);3;112,188236084007;18046,2084
202103-prevs-ECMWF_ENS_EXT-02-2021-Diaria-IA+SMAP.rv0;Bacia;AMAZONAS (SE);4;111,475345457337;17931,5353
202103-prevs-ECMWF_ENS_EXT-02-2021-Diaria-IA+SMAP.rv0;Bacia;AMAZONAS (SE);5;112,518767242876;17685,8706
202103-prevs-ECMWF_ENS_EXT-02-2021-Diaria-IA+SMAP.rv0;Bacia;AMAZONAS (SE);6;118,871463498636;17592,267
202103-prevs-ECMWF_ENS_EXT-02-2021-Diaria-IA+SMAP.rv0;Bacia;AMAZONAS (SE);M;111,878746353464;17996,4249612903
202103-prevs-ECMWF_ENS_EXT-02-2021-Diaria-IA+SMAP.rv0;Bacia;BAIXO PARANA;1;88,6826296260854;15780,3484
202103-prevs-ECMWF_ENS_EXT-02-2021-Diaria-IA+SMAP.rv0;Bacia;BAIXO PARANA;2;97,1640526399966;16976,1366
202103-prevs-ECMWF_ENS_EXT-02-2021-Diaria-IA+SMAP.rv0;Bacia;BAIXO PARANA;3;91,5593001721086;15996,8954
202103-prevs-ECMWF_ENS_EXT-02-2021-Diaria-IA+SMAP.rv0;Bacia;BAIXO PARANA;4;88,6824122555189;15494,2564
202103-prevs-ECMWF_ENS_EXT-02-2021-Diaria-IA+SMAP.rv0;Bacia;BAIXO PARANA;5;89,7590171652234;14748,9372
202103-prevs-ECMWF_ENS_EXT-02-2021-Diaria-IA+SMAP.rv0;Bacia;BAIXO PARANA;6;100,136487464897;13850,7909
202103-prevs-ECMWF_ENS_EXT-02-2021-Diaria-IA+SMAP.rv0;Bacia;BAIXO PARANA;M;90,8233029078042;15868,3047354839
202103-prevs-ECMWF_ENS_EXT-02-2021-Diaria-IA+SMAP.rv0;Bacia;SAO FRANCISCO (SE);1;127,73038437693;924,152
202103-prevs-ECMWF_ENS_EXT-02-2021-Diaria-IA+SMAP.rv0;Bacia;SAO FRANCISCO (SE);2;120,190583494271;834,993
202103-prevs-ECMWF_ENS_EXT-02-2021-Diaria-IA+SMAP.rv0;Bacia;SAO FRANCISCO (SE);3;109,685118723014;762,009
202103-prevs-ECMWF_ENS_EXT-02-2021-Diaria-IA+SMAP.rv0;Bacia;SAO FRANCISCO (SE);4;104,990521540315;729,3945
202103-prevs-ECMWF_ENS_EXT-02-2021-Diaria-IA+SMAP.rv0;Bacia;SAO FRANCISCO (SE);5;106,826499700763;675,4405
202103-prevs-ECMWF_ENS_EXT-02-2021-Diaria-IA+SMAP.rv0;Bacia;SAO FRANCISCO (SE);6;128,165201714163;610,275
202103-prevs-ECMWF_ENS_EXT-02-2021-Diaria-IA+SMAP.rv0;Bacia;SAO FRANCISCO (SE);M;112,75182214425;783,314129032258
202103-prevs-ECMWF_ENS_EXT-02-2021-Diaria-IA+SMAP.rv0;Bacia;SAO FRANCISCO (NE);1;65,2008414281452;8787,328
202103-prevs-ECMWF_ENS_EXT-02-2021-Diaria-IA+SMAP.rv0;Bacia;SAO FRANCISCO (NE);2;78,5289479476822;10564,2592
202103-prevs-ECMWF_ENS_EXT-02-2021-Diaria-IA+SMAP.rv0;Bacia;SAO FRANCISCO (NE);3;89,7119331647646;12068,672
202103-prevs-ECMWF_ENS_EXT-02-2021-Diaria-IA+SMAP.rv0;Bacia;SAO FRANCISCO (NE);4;85,1436526971579;11454,1152
202103-prevs-ECMWF_ENS_EXT-02-2021-Diaria-IA+SMAP.rv0;Bacia;SAO FRANCISCO (NE);5;83,3090223336592;10622,656
202103-prevs-ECMWF_ENS_EXT-02-2021-Diaria-IA+SMAP.rv0;Bacia;SAO FRANCISCO (NE);6;91,8719793868183;10102,6464
202103-prevs-ECMWF_ENS_EXT-02-2021-Diaria-IA+SMAP.rv0;Bacia;SAO FRANCISCO (NE);M;80,4873539808687;10827,7175741935
202103-prevs-ECMWF_ENS_EXT-02-2021-Diaria-IA+SMAP.rv0;Bacia;JEQUITINHONHA (NE);1;86,6957889218941;317,1437
202103-prevs-ECMWF_ENS_EXT-02-2021-Diaria-IA+SMAP.rv0;Bacia;JEQUITINHONHA (NE);2;109,024707412224;375,1316
202103-prevs-ECMWF_ENS_EXT-02-2021-Diaria-IA+SMAP.rv0;Bacia;JEQUITINHONHA (NE);3;102,158647594278;351,5069
202103-prevs-ECMWF_ENS_EXT-02-2021-Diaria-IA+SMAP.rv0;Bacia;JEQUITINHONHA (NE);4;74,4863459037711;256,2922
202103-prevs-ECMWF_ENS_EXT-02-2021-Diaria-IA+SMAP.rv0;Bacia;JEQUITINHONHA (NE);5;76,7365037464362;240,5424
202103-prevs-ECMWF_ENS_EXT-02-2021-Diaria-IA+SMAP.rv0;Bacia;JEQUITINHONHA (NE);6;88,8339513803049;210,4746
202103-prevs-ECMWF_ENS_EXT-02-2021-Diaria-IA+SMAP.rv0;Bacia;JEQUITINHONHA (NE);M;90,648097655103;311,901464516129
202103-prevs-ECMWF_ENS_EXT-02-2021-Diaria-IA+SMAP.rv0;Bacia;PARNAIBA;1;124,485320989158;350,1401
202103-prevs-ECMWF_ENS_EXT-02-2021-Diaria-IA+SMAP.rv0;Bacia;PARNAIBA;2;133,74501633742;382,1766
202103-prevs-ECMWF_ENS_EXT-02-2021-Diaria-IA+SMAP.rv0;Bacia;PARNAIBA;3;147,462453910489;421,3742
202103-prevs-ECMWF_ENS_EXT-02-2021-Diaria-IA+SMAP.rv0;Bacia;PARNAIBA;4;141,39512575317;404,0368
202103-prevs-ECMWF_ENS_EXT-02-2021-Diaria-IA+SMAP.rv0;Bacia;PARNAIBA;5;116,299559471366;321,1188
202103-prevs-ECMWF_ENS_EXT-02-2021-Diaria-IA+SMAP.rv0;Bacia;PARNAIBA;6;109,620515609333;276,2677
202103-prevs-ECMWF_ENS_EXT-02-2021-Diaria-IA+SMAP.rv0;Bacia;PARNAIBA;M;133,31528271618;380,948635483871
202103-prevs-ECMWF_ENS_EXT-02-2021-Diaria-IA+SMAP.rv0;Bacia;TOCANTINS (SE);1;108,103457509354;5333,4086
202103-prevs-ECMWF_ENS_EXT-02-2021-Diaria-IA+SMAP.rv0;Bacia;TOCANTINS (SE);2;114,576171268777;5580,3496
202103-prevs-ECMWF_ENS_EXT-02-2021-Diaria-IA+SMAP.rv0;Bacia;TOCANTINS (SE);3;103,90055856185;5060,4016
202103-prevs-ECMWF_ENS_EXT-02-2021-Diaria-IA+SMAP.rv0;Bacia;TOCANTINS (SE);4;110,514809277919;5382,5439
202103-prevs-ECMWF_ENS_EXT-02-2021-Diaria-IA+SMAP.rv0;Bacia;TOCANTINS (SE);5;101,453168525418;4551,5746
202103-prevs-ECMWF_ENS_EXT-02-2021-Diaria-IA+SMAP.rv0;Bacia;TOCANTINS (SE);6;127,672138840872;4502,0522
202103-prevs-ECMWF_ENS_EXT-02-2021-Diaria-IA+SMAP.rv0;Bacia;TOCANTINS (SE);M;107,023773762196;5212,51553870968
202103-prevs-ECMWF_ENS_EXT-02-2021-Diaria-IA+SMAP.rv0;Bacia;ITABAPOANA;1;145,130305556562;109,6485
202103-prevs-ECMWF_ENS_EXT-02-2021-Diaria-IA+SMAP.rv0;Bacia;ITABAPOANA;2;139,219188568512;104,5878
202103-prevs-ECMWF_ENS_EXT-02-2021-Diaria-IA+SMAP.rv0;Bacia;ITABAPOANA;3;148,201071701965;111,3354
202103-prevs-ECMWF_ENS_EXT-02-2021-Diaria-IA+SMAP.rv0;Bacia;ITABAPOANA;4;152,692013268691;114,7092
202103-prevs-ECMWF_ENS_EXT-02-2021-Diaria-IA+SMAP.rv0;Bacia;ITABAPOANA;5;132,396852811361;94,4664
202103-prevs-ECMWF_ENS_EXT-02-2021-Diaria-IA+SMAP.rv0;Bacia;ITABAPOANA;6;158,018575851393;97,8402
202103-prevs-ECMWF_ENS_EXT-02-2021-Diaria-IA+SMAP.rv0;Bacia;ITABAPOANA;M;143,203088345447;107,580687096774
202103-prevs-ECMWF_ENS_EXT-02-2021-Diaria-IA+SMAP.rv0;Bacia;ARAGUARI;1;143,600490772684;964,3992
202103-prevs-ECMWF_ENS_EXT-02-2021-Diaria-IA+SMAP.rv0;Bacia;ARAGUARI;2;127,538284719025;949,296
202103-prevs-ECMWF_ENS_EXT-02-2021-Diaria-IA+SMAP.rv0;Bacia;ARAGUARI;3;125,421151019854;933,5377
202103-prevs-ECMWF_ENS_EXT-02-2021-Diaria-IA+SMAP.rv0;Bacia;ARAGUARI;4;112,653645678583;838,5063
202103-prevs-ECMWF_ENS_EXT-02-2021-Diaria-IA+SMAP.rv0;Bacia;ARAGUARI;5;121,272988757933;963,4248
202103-prevs-ECMWF_ENS_EXT-02-2021-Diaria-IA+SMAP.rv0;Bacia;ARAGUARI;6;117,543839175041;1081,0353
202103-prevs-ECMWF_ENS_EXT-02-2021-Diaria-IA+SMAP.rv0;Bacia;ARAGUARI;M;124,332615149568;925,435483870968
202103-prevs-ECMWF_ENS_EXT-02-2021-Diaria-IA+SMAP.rv0;Bacia;TIETE;1;68,4067054463006;983,26545
202103-prevs-ECMWF_ENS_EXT-02-2021-Diaria-IA+SMAP.rv0;Bacia;TIETE;2;80,6607167225442;1111,33775
202103-prevs-ECMWF_ENS_EXT-02-2021-Diaria-IA+SMAP.rv0;Bacia;TIETE;3;87,6358027066647;1207,44
202103-prevs-ECMWF_ENS_EXT-02-2021-Diaria-IA+SMAP.rv0;Bacia;TIETE;4;82,0517565441046;1130,5034
202103-prevs-ECMWF_ENS_EXT-02-2021-Diaria-IA+SMAP.rv0;Bacia;TIETE;5;75,2722165504099;940,6838
202103-prevs-ECMWF_ENS_EXT-02-2021-Diaria-IA+SMAP.rv0;Bacia;TIETE;6;93,7984580878321;871,8562
202103-prevs-ECMWF_ENS_EXT-02-2021-Diaria-IA+SMAP.rv0;Bacia;TIETE;M;79,052825194592;1089,18433225806
202103-prevs-ECMWF_ENS_EXT-02-2021-Diaria-IA+SMAP.rv0;Bacia;PARAGUAI;1;99,027531945419;687,054
202103-prevs-ECMWF_ENS_EXT-02-2021-Diaria-IA+SMAP.rv0;Bacia;PARAGUAI;2;95,4184325964539;660,3507
202103-prevs-ECMWF_ENS_EXT-02-2021-Diaria-IA+SMAP.rv0;Bacia;PARAGUAI;3;97,1513803500177;672,3437
202103-prevs-ECMWF_ENS_EXT-02-2021-Diaria-IA+SMAP.rv0;Bacia;PARAGUAI;4;98,0897990851753;678,8381
202103-prevs-ECMWF_ENS_EXT-02-2021-Diaria-IA+SMAP.rv0;Bacia;PARAGUAI;5;98,5710117203291;646,1553
202103-prevs-ECMWF_ENS_EXT-02-2021-Diaria-IA+SMAP.rv0;Bacia;PARAGUAI;6;103,724301195988;585,1967
202103-prevs-ECMWF_ENS_EXT-02-2021-Diaria-IA+SMAP.rv0;Bacia;PARAGUAI;M;96,7044630792573;669,250774193548
202103-prevs-ECMWF_ENS_EXT-02-2021-Diaria-IA+SMAP.rv0;Bacia;PARAGUACU;1;70,7120308663627;100,3536
202103-prevs-ECMWF_ENS_EXT-02-2021-Diaria-IA+SMAP.rv0;Bacia;PARAGUACU;2;70,9412555049638;100,3536
202103-prevs-ECMWF_ENS_EXT-02-2021-Diaria-IA+SMAP.rv0;Bacia;PARAGUACU;3;79,4804807046354;112,4332
202103-prevs-ECMWF_ENS_EXT-02-2021-Diaria-IA+SMAP.rv0;Bacia;PARAGUACU;4;97,2157945808763;137,5216
202103-prevs-ECMWF_ENS_EXT-02-2021-Diaria-IA+SMAP.rv0;Bacia;PARAGUACU;5;105,996849056393;143,0968
202103-prevs-ECMWF_ENS_EXT-02-2021-Diaria-IA+SMAP.rv0;Bacia;PARAGUACU;6;85,998578535892;102,212
202103-prevs-ECMWF_ENS_EXT-02-2021-Diaria-IA+SMAP.rv0;Bacia;PARAGUACU;M;83,6759312990149;118,368090322581
202103-prevs-ECMWF_ENS_EXT-02-2021-Diaria-IA+SMAP.rv0;Bacia;JEQUITINHONHA (SE);1;132,69653877113;412,4799
202103-prevs-ECMWF_ENS_EXT-02-2021-Diaria-IA+SMAP.rv0;Bacia;JEQUITINHONHA (SE);2;150,823672971324;453,5811
202103-prevs-ECMWF_ENS_EXT-02-2021-Diaria-IA+SMAP.rv0;Bacia;JEQUITINHONHA (SE);3;125,442342892007;377,2503
202103-prevs-ECMWF_ENS_EXT-02-2021-Diaria-IA+SMAP.rv0;Bacia;JEQUITINHONHA (SE);4;125,930445393533;378,7182
202103-prevs-ECMWF_ENS_EXT-02-2021-Diaria-IA+SMAP.rv0;Bacia;JEQUITINHONHA (SE);5;104,879887203043;281,8368
202103-prevs-ECMWF_ENS_EXT-02-2021-Diaria-IA+SMAP.rv0;Bacia;JEQUITINHONHA (SE);6;127,581329561528;240,7356
202103-prevs-ECMWF_ENS_EXT-02-2021-Diaria-IA+SMAP.rv0;Bacia;JEQUITINHONHA (SE);M;128,056053061465;385,110667741935
202103-prevs-ECMWF_ENS_EXT-02-2021-Diaria-IA+SMAP.rv0;Bacia;AMAZONAS (N);1;112,127836170146;564,7137
202103-prevs-ECMWF_ENS_EXT-02-2021-Diaria-IA+SMAP.rv0;Bacia;AMAZONAS (N);2;108,78803866071;587,5206
202103-prevs-ECMWF_ENS_EXT-02-2021-Diaria-IA+SMAP.rv0;Bacia;AMAZONAS (N);3;114,636630370232;619,1065
202103-prevs-ECMWF_ENS_EXT-02-2021-Diaria-IA+SMAP.rv0;Bacia;AMAZONAS (N);4;121,895435955556;658,3084
202103-prevs-ECMWF_ENS_EXT-02-2021-Diaria-IA+SMAP.rv0;Bacia;AMAZONAS (N);5;116,823189840872;690,6164
202103-prevs-ECMWF_ENS_EXT-02-2021-Diaria-IA+SMAP.rv0;Bacia;AMAZONAS (N);6;103,84042793707;746,5332
202103-prevs-ECMWF_ENS_EXT-02-2021-Diaria-IA+SMAP.rv0;Bacia;AMAZONAS (N);M;115,466272472657;623,587064516129
202103-prevs-ECMWF_ENS_EXT-02-2021-Diaria-IA+SMAP.rv0;Bacia;TOCANTINS (N);1;102,058347702107;14593,1657
202103-prevs-ECMWF_ENS_EXT-02-2021-Diaria-IA+SMAP.rv0;Bacia;TOCANTINS (N);2;98,0733840831628;14587,3726
202103-prevs-ECMWF_ENS_EXT-02-2021-Diaria-IA+SMAP.rv0;Bacia;TOCANTINS (N);3;97,8477928240802;14553,8183
202103-prevs-ECMWF_ENS_EXT-02-2021-Diaria-IA+SMAP.rv0;Bacia;TOCANTINS (N);4;104,246988610234;15505,6306
202103-prevs-ECMWF_ENS_EXT-02-2021-Diaria-IA+SMAP.rv0;Bacia;TOCANTINS (N);5;101,155154253406;14957,366
202103-prevs-ECMWF_ENS_EXT-02-2021-Diaria-IA+SMAP.rv0;Bacia;TOCANTINS (N);6;101,488855130363;14785,0121
202103-prevs-ECMWF_ENS_EXT-02-2021-Diaria-IA+SMAP.rv0;Bacia;TOCANTINS (N);M;99,8239800594613;14847,7551290323
202103-prevs-ECMWF_ENS_EXT-02-2021-Diaria-IA+SMAP.rv0;Bacia;MUCURI;1;36,3656333232653;19,1952
202103-prevs-ECMWF_ENS_EXT-02-2021-Diaria-IA+SMAP.rv0;Bacia;MUCURI;2;37,5339278790229;19,6416
202103-prevs-ECMWF_ENS_EXT-02-2021-Diaria-IA+SMAP.rv0;Bacia;MUCURI;3;57,1539356339666;29,9088
202103-prevs-ECMWF_ENS_EXT-02-2021-Diaria-IA+SMAP.rv0;Bacia;MUCURI;4;41,7991469561846;21,8736
202103-prevs-ECMWF_ENS_EXT-02-2021-Diaria-IA+SMAP.rv0;Bacia;MUCURI;5;42,3610315186246;21,4272
202103-prevs-ECMWF_ENS_EXT-02-2021-Diaria-IA+SMAP.rv0;Bacia;MUCURI;6;45,4006586169045;20,9808
202103-prevs-ECMWF_ENS_EXT-02-2021-Diaria-IA+SMAP.rv0;Bacia;MUCURI;M;43,3401293324494;22,68
202103-prevs-ECMWF_ENS_EXT-02-2021-Diaria-IA+SMAP.rv0;Bacia;XINGU;1;74,6860743569903;7556,35792857143
202103-prevs-ECMWF_ENS_EXT-02-2021-Diaria-IA+SMAP.rv0;Bacia;XINGU;2;85,9622968788376;9075,0246
202103-prevs-ECMWF_ENS_EXT-02-2021-Diaria-IA+SMAP.rv0;Bacia;XINGU;3;95,3204255311049;10062,9606
202103-prevs-ECMWF_ENS_EXT-02-2021-Diaria-IA+SMAP.rv0;Bacia;XINGU;4;102,898227269039;10862,9478
202103-prevs-ECMWF_ENS_EXT-02-2021-Diaria-IA+SMAP.rv0;Bacia;XINGU;5;97,7501762675631;10384,3170857143
202103-prevs-ECMWF_ENS_EXT-02-2021-Diaria-IA+SMAP.rv0;Bacia;XINGU;6;84,5082756897669;9117,7456
202103-prevs-ECMWF_ENS_EXT-02-2021-Diaria-IA+SMAP.rv0;Bacia;XINGU;M;91,5797816919902;9668,06148617511
202103-prevs-ECMWF_ENS_EXT-02-2021-Diaria-IA+SMAP.rv1;Submercado;SIN;1;94,9239007754037;110852,144058571
202103-prevs-ECMWF_ENS_EXT-02-2021-Diaria-IA+SMAP.rv1;Submercado;SIN;2;92,4733175581197;108178,2278
202103-prevs-ECMWF_ENS_EXT-02-2021-Diaria-IA+SMAP.rv1;Submercado;SIN;3;93,0533552424369;108856,77433
202103-prevs-ECMWF_ENS_EXT-02-2021-Diaria-IA+SMAP.rv1;Submercado;SIN;4;91,4630096086684;106996,33743
202103-prevs-ECMWF_ENS_EXT-02-2021-Diaria-IA+SMAP.rv1;Submercado;SIN;5;91,485710105426;102567,668914286
202103-prevs-ECMWF_ENS_EXT-02-2021-Diaria-IA+SMAP.rv1;Submercado;SIN;6;100,256243102164;100194,76285
202103-prevs-ECMWF_ENS_EXT-02-2021-Diaria-IA+SMAP.rv1;Submercado;SIN;M;91,9712707496579;107590,917476912
202103-prevs-ECMWF_ENS_EXT-02-2021-Diaria-IA+SMAP.rv1;Submercado;SUDESTE;1;101,374723829935;70423,64253
202103-prevs-ECMWF_ENS_EXT-02-2021-Diaria-IA+SMAP.rv1;Submercado;SUDESTE;2;99,0993615221876;68329,6226
202103-prevs-ECMWF_ENS_EXT-02-2021-Diaria-IA+SMAP.rv1;Submercado;SUDESTE;3;95,4443736069524;65809,48583
202103-prevs-ECMWF_ENS_EXT-02-2021-Diaria-IA+SMAP.rv1;Submercado;SUDESTE;4;95,2571983458817;65680,42733
202103-prevs-ECMWF_ENS_EXT-02-2021-Diaria-IA+SMAP.rv1;Submercado;SUDESTE;5;94,993679727828;61643,2326
202103-prevs-ECMWF_ENS_EXT-02-2021-Diaria-IA+SMAP.rv1;Submercado;SUDESTE;6;108,766821878955;59544,62575
202103-prevs-ECMWF_ENS_EXT-02-2021-Diaria-IA+SMAP.rv1;Submercado;SUDESTE;M;96,3322023299485;66421,6492248387
202103-prevs-ECMWF_ENS_EXT-02-2021-Diaria-IA+SMAP.rv1;Submercado;SUL;1;58,2188555007154;4339,3377
202103-prevs-ECMWF_ENS_EXT-02-2021-Diaria-IA+SMAP.rv1;Submercado;SUL;2;55,4708338791887;3934,6999
202103-prevs-ECMWF_ENS_EXT-02-2021-Diaria-IA+SMAP.rv1;Submercado;SUL;3;57,8997887903701;4106,9924
202103-prevs-ECMWF_ENS_EXT-02-2021-Diaria-IA+SMAP.rv1;Submercado;SUL;4;64,5749616357519;4580,4809
202103-prevs-ECMWF_ENS_EXT-02-2021-Diaria-IA+SMAP.rv1;Submercado;SUL;5;69,0633031497848;4800,1985
202103-prevs-ECMWF_ENS_EXT-02-2021-Diaria-IA+SMAP.rv1;Submercado;SUL;6;81,7852206506397;5392,3633
202103-prevs-ECMWF_ENS_EXT-02-2021-Diaria-IA+SMAP.rv1;Submercado;SUL;M;60,9631752045845;4324,28688387097
202103-prevs-ECMWF_ENS_EXT-02-2021-Diaria-IA+SMAP.rv1;Submercado;NORDESTE;1;66,6072443646896;9502,4053
202103-prevs-ECMWF_ENS_EXT-02-2021-Diaria-IA+SMAP.rv1;Submercado;NORDESTE;2;78,4733410352745;11162,0354
202103-prevs-ECMWF_ENS_EXT-02-2021-Diaria-IA+SMAP.rv1;Submercado;NORDESTE;3;84,2395546739644;11982,2207
202103-prevs-ECMWF_ENS_EXT-02-2021-Diaria-IA+SMAP.rv1;Submercado;NORDESTE;4;66,3270590138794;9434,3502
202103-prevs-ECMWF_ENS_EXT-02-2021-Diaria-IA+SMAP.rv1;Submercado;NORDESTE;5;69,6634356931395;9387,4872
202103-prevs-ECMWF_ENS_EXT-02-2021-Diaria-IA+SMAP.rv1;Submercado;NORDESTE;6;77,3108339784406;8971,3383
202103-prevs-ECMWF_ENS_EXT-02-2021-Diaria-IA+SMAP.rv1;Submercado;NORDESTE;M;73,1385553448831;10403,2163419355
202103-prevs-ECMWF_ENS_EXT-02-2021-Diaria-IA+SMAP.rv1;Submercado;NORTE;1;103,888788970332;26586,7585285714
202103-prevs-ECMWF_ENS_EXT-02-2021-Diaria-IA+SMAP.rv1;Submercado;NORTE;2;92,6505372806174;24751,8699
202103-prevs-ECMWF_ENS_EXT-02-2021-Diaria-IA+SMAP.rv1;Submercado;NORTE;3;100,908746690746;26958,0754
202103-prevs-ECMWF_ENS_EXT-02-2021-Diaria-IA+SMAP.rv1;Submercado;NORTE;4;102,19266859069;27301,079
202103-prevs-ECMWF_ENS_EXT-02-2021-Diaria-IA+SMAP.rv1;Submercado;NORTE;5;99,7808537066797;26736,7506142857
202103-prevs-ECMWF_ENS_EXT-02-2021-Diaria-IA+SMAP.rv1;Submercado;NORTE;6;97,3719576017549;26286,4355
202103-prevs-ECMWF_ENS_EXT-02-2021-Diaria-IA+SMAP.rv1;Submercado;NORTE;M;98,9761075114371;26441,7650262673
202103-prevs-ECMWF_ENS_EXT-02-2021-Diaria-IA+SMAP.rv1;REE;SIN;1;94,9239184081777;110852,144058571
202103-prevs-ECMWF_ENS_EXT-02-2021-Diaria-IA+SMAP.rv1;REE;SIN;2;92,4733267915112;108178,2278
202103-prevs-ECMWF_ENS_EXT-02-2021-Diaria-IA+SMAP.rv1;REE;SIN;3;93,0533645337447;108856,77433
202103-prevs-ECMWF_ENS_EXT-02-2021-Diaria-IA+SMAP.rv1;REE;SIN;4;91,4630187411814;106996,33743
202103-prevs-ECMWF_ENS_EXT-02-2021-Diaria-IA+SMAP.rv1;REE;SIN;5;91,4857141903828;102567,668914286
202103-prevs-ECMWF_ENS_EXT-02-2021-Diaria-IA+SMAP.rv1;REE;SIN;6;100,256231384367;100194,76285
202103-prevs-ECMWF_ENS_EXT-02-2021-Diaria-IA+SMAP.rv1;REE;SIN;M;91,9712799329205;107590,917476912
202103-prevs-ECMWF_ENS_EXT-02-2021-Diaria-IA+SMAP.rv1;REE;PARANA;1;99,3134350212916;36478,92017
202103-prevs-ECMWF_ENS_EXT-02-2021-Diaria-IA+SMAP.rv1;REE;PARANA;2;88,6470555878358;32028,0542
202103-prevs-ECMWF_ENS_EXT-02-2021-Diaria-IA+SMAP.rv1;REE;PARANA;3;82,3028233213082;29735,89217
202103-prevs-ECMWF_ENS_EXT-02-2021-Diaria-IA+SMAP.rv1;REE;PARANA;4;82,6174664176699;29849,57227
202103-prevs-ECMWF_ENS_EXT-02-2021-Diaria-IA+SMAP.rv1;REE;PARANA;5;83,0496041802389;27765,7733
202103-prevs-ECMWF_ENS_EXT-02-2021-Diaria-IA+SMAP.rv1;REE;PARANA;6;100,485136736104;26819,49465
202103-prevs-ECMWF_ENS_EXT-02-2021-Diaria-IA+SMAP.rv1;REE;PARANA;M;85,9371547184788;31048,9708977419
202103-prevs-ECMWF_ENS_EXT-02-2021-Diaria-IA+SMAP.rv1;REE;PRNPANEMA;1;50,2113813434252;1680,3879
202103-prevs-ECMWF_ENS_EXT-02-2021-Diaria-IA+SMAP.rv1;REE;PRNPANEMA;2;65,0646568917697;2055,9136
202103-prevs-ECMWF_ENS_EXT-02-2021-Diaria-IA+SMAP.rv1;REE;PRNPANEMA;3;73,7593535062704;2330,6487
202103-prevs-ECMWF_ENS_EXT-02-2021-Diaria-IA+SMAP.rv1;REE;PRNPANEMA;4;74,5837060842441;2356,6966
202103-prevs-ECMWF_ENS_EXT-02-2021-Diaria-IA+SMAP.rv1;REE;PRNPANEMA;5;74,0403614186294;2174,7496
202103-prevs-ECMWF_ENS_EXT-02-2021-Diaria-IA+SMAP.rv1;REE;PRNPANEMA;6;83,4415643224475;1986,6339
202103-prevs-ECMWF_ENS_EXT-02-2021-Diaria-IA+SMAP.rv1;REE;PRNPANEMA;M;67,867179547199;2144,46773548387
202103-prevs-ECMWF_ENS_EXT-02-2021-Diaria-IA+SMAP.rv1;REE;IGUACU;1;54,5897828707214;2230,4357
202103-prevs-ECMWF_ENS_EXT-02-2021-Diaria-IA+SMAP.rv1;REE;IGUACU;2;49,900540768487;1966,4177
202103-prevs-ECMWF_ENS_EXT-02-2021-Diaria-IA+SMAP.rv1;REE;IGUACU;3;55,108705496456;2171,6545
202103-prevs-ECMWF_ENS_EXT-02-2021-Diaria-IA+SMAP.rv1;REE;IGUACU;4;58,6149456852579;2309,824
202103-prevs-ECMWF_ENS_EXT-02-2021-Diaria-IA+SMAP.rv1;REE;IGUACU;5;60,1253885170502;2266,5786
202103-prevs-ECMWF_ENS_EXT-02-2021-Diaria-IA+SMAP.rv1;REE;IGUACU;6;80,7159757419174;2697,8911
202103-prevs-ECMWF_ENS_EXT-02-2021-Diaria-IA+SMAP.rv1;REE;IGUACU;M;55,3535100165139;2181,3014483871
202103-prevs-ECMWF_ENS_EXT-02-2021-Diaria-IA+SMAP.rv1;REE;SUL;1;62,621799322471;2108,902
202103-prevs-ECMWF_ENS_EXT-02-2021-Diaria-IA+SMAP.rv1;REE;SUL;2;62,4335598738348;1968,2822
202103-prevs-ECMWF_ENS_EXT-02-2021-Diaria-IA+SMAP.rv1;REE;SUL;3;61,3885725612677;1935,3379
202103-prevs-ECMWF_ENS_EXT-02-2021-Diaria-IA+SMAP.rv1;REE;SUL;4;72,0248313575594;2270,6569
202103-prevs-ECMWF_ENS_EXT-02-2021-Diaria-IA+SMAP.rv1;REE;SUL;5;79,6565508262499;2533,6199
202103-prevs-ECMWF_ENS_EXT-02-2021-Diaria-IA+SMAP.rv1;REE;SUL;6;82,8845863240333;2694,4722
202103-prevs-ECMWF_ENS_EXT-02-2021-Diaria-IA+SMAP.rv1;REE;SUL;M;67,9751153036075;2142,98543548387
202103-prevs-ECMWF_ENS_EXT-02-2021-Diaria-IA+SMAP.rv1;REE;SUDESTE;1;123,216115121228;12259,80036
202103-prevs-ECMWF_ENS_EXT-02-2021-Diaria-IA+SMAP.rv1;REE;SUDESTE;2;111,967907140911;10952,5528
202103-prevs-ECMWF_ENS_EXT-02-2021-Diaria-IA+SMAP.rv1;REE;SUDESTE;3;108,805291961191;10643,18996
202103-prevs-ECMWF_ENS_EXT-02-2021-Diaria-IA+SMAP.rv1;REE;SUDESTE;4;108,59262092382;10622,38676
202103-prevs-ECMWF_ENS_EXT-02-2021-Diaria-IA+SMAP.rv1;REE;SUDESTE;5;105,271478806681;9553,7041
202103-prevs-ECMWF_ENS_EXT-02-2021-Diaria-IA+SMAP.rv1;REE;SUDESTE;6;122,717550728088;8969,2852
202103-prevs-ECMWF_ENS_EXT-02-2021-Diaria-IA+SMAP.rv1;REE;SUDESTE;M;110,340568419282;10793,3686754839
202103-prevs-ECMWF_ENS_EXT-02-2021-Diaria-IA+SMAP.rv1;REE;MADEIRA;1;121,975594868512;14229,6187
202103-prevs-ECMWF_ENS_EXT-02-2021-Diaria-IA+SMAP.rv1;REE;MADEIRA;2;126,539261056435;15343,2765
202103-prevs-ECMWF_ENS_EXT-02-2021-Diaria-IA+SMAP.rv1;REE;MADEIRA;3;127,334625524512;15439,7169
202103-prevs-ECMWF_ENS_EXT-02-2021-Diaria-IA+SMAP.rv1;REE;MADEIRA;4;125,957744333161;15272,7658
202103-prevs-ECMWF_ENS_EXT-02-2021-Diaria-IA+SMAP.rv1;REE;MADEIRA;5;122,509454356562;14677,8274
202103-prevs-ECMWF_ENS_EXT-02-2021-Diaria-IA+SMAP.rv1;REE;MADEIRA;6;125,208628706088;14549,4188
202103-prevs-ECMWF_ENS_EXT-02-2021-Diaria-IA+SMAP.rv1;REE;MADEIRA;M;124,220989162511;15062,1788677419
202103-prevs-ECMWF_ENS_EXT-02-2021-Diaria-IA+SMAP.rv1;REE;ITAIPU;1;50,8124853743116;1960,2053
202103-prevs-ECMWF_ENS_EXT-02-2021-Diaria-IA+SMAP.rv1;REE;ITAIPU;2;101,748670560812;3859,7645
202103-prevs-ECMWF_ENS_EXT-02-2021-Diaria-IA+SMAP.rv1;REE;ITAIPU;3;96,0854289770016;3644,9334
202103-prevs-ECMWF_ENS_EXT-02-2021-Diaria-IA+SMAP.rv1;REE;ITAIPU;4;96,2209132254181;3650,0729
202103-prevs-ECMWF_ENS_EXT-02-2021-Diaria-IA+SMAP.rv1;REE;ITAIPU;5;96,8222718006441;3609,9848
202103-prevs-ECMWF_ENS_EXT-02-2021-Diaria-IA+SMAP.rv1;REE;ITAIPU;6;96,245270967425;3432,1581
202103-prevs-ECMWF_ENS_EXT-02-2021-Diaria-IA+SMAP.rv1;REE;ITAIPU;M;90,0830397261868;3417,23697096774
202103-prevs-ECMWF_ENS_EXT-02-2021-Diaria-IA+SMAP.rv1;REE;NORDESTE;1;66,6072443646896;9502,4053
202103-prevs-ECMWF_ENS_EXT-02-2021-Diaria-IA+SMAP.rv1;REE;NORDESTE;2;78,4733410352745;11162,0354
202103-prevs-ECMWF_ENS_EXT-02-2021-Diaria-IA+SMAP.rv1;REE;NORDESTE;3;84,2395546739644;11982,2207
202103-prevs-ECMWF_ENS_EXT-02-2021-Diaria-IA+SMAP.rv1;REE;NORDESTE;4;66,3270590138794;9434,3502
202103-prevs-ECMWF_ENS_EXT-02-2021-Diaria-IA+SMAP.rv1;REE;NORDESTE;5;69,6634356931395;9387,4872
202103-prevs-ECMWF_ENS_EXT-02-2021-Diaria-IA+SMAP.rv1;REE;NORDESTE;6;77,3108339784406;8971,3383
202103-prevs-ECMWF_ENS_EXT-02-2021-Diaria-IA+SMAP.rv1;REE;NORDESTE;M;73,1385553448831;10403,2163419355
202103-prevs-ECMWF_ENS_EXT-02-2021-Diaria-IA+SMAP.rv1;REE;MAN;1;124,588360343643;1405,5209
202103-prevs-ECMWF_ENS_EXT-02-2021-Diaria-IA+SMAP.rv1;REE;MAN;2;120,008487499748;1478,664
202103-prevs-ECMWF_ENS_EXT-02-2021-Diaria-IA+SMAP.rv1;REE;MAN;3;125,195801504249;1542,5786
202103-prevs-ECMWF_ENS_EXT-02-2021-Diaria-IA+SMAP.rv1;REE;MAN;4;114,74556476537;1413,8178
202103-prevs-ECMWF_ENS_EXT-02-2021-Diaria-IA+SMAP.rv1;REE;MAN;5;119,971096977113;1594,749
202103-prevs-ECMWF_ENS_EXT-02-2021-Diaria-IA+SMAP.rv1;REE;MAN;6;113,059894886655;1777,4595
202103-prevs-ECMWF_ENS_EXT-02-2021-Diaria-IA+SMAP.rv1;REE;MAN;M;120,553538433218;1485,3797516129
202103-prevs-ECMWF_ENS_EXT-02-2021-Diaria-IA+SMAP.rv1;REE;TPIRES;1;97,3792709070837;3814,7101
202103-prevs-ECMWF_ENS_EXT-02-2021-Diaria-IA+SMAP.rv1;REE;TPIRES;2;103,275444791061;4090,061
202103-prevs-ECMWF_ENS_EXT-02-2021-Diaria-IA+SMAP.rv1;REE;TPIRES;3;101,382772475809;4015,1047
202103-prevs-ECMWF_ENS_EXT-02-2021-Diaria-IA+SMAP.rv1;REE;TPIRES;4;99,2069074591502;3928,933
202103-prevs-ECMWF_ENS_EXT-02-2021-Diaria-IA+SMAP.rv1;REE;TPIRES;5;103,318464604758;3861,1934
202103-prevs-ECMWF_ENS_EXT-02-2021-Diaria-IA+SMAP.rv1;REE;TPIRES;6;119,135656469807;3787,6351
202103-prevs-ECMWF_ENS_EXT-02-2021-Diaria-IA+SMAP.rv1;REE;TPIRES;M;99,8758667618031;3955,42607741935
202103-prevs-ECMWF_ENS_EXT-02-2021-Diaria-IA+SMAP.rv1;REE;NORTE;1;112,671444926013;16110,7161
202103-prevs-ECMWF_ENS_EXT-02-2021-Diaria-IA+SMAP.rv1;REE;NORTE;2;85,0388727677411;12648,6277
202103-prevs-ECMWF_ENS_EXT-02-2021-Diaria-IA+SMAP.rv1;REE;NORTE;3;93,1663387047864;13857,5018
202103-prevs-ECMWF_ENS_EXT-02-2021-Diaria-IA+SMAP.rv1;REE;NORTE;4;95,2858576759535;14172,7577
202103-prevs-ECMWF_ENS_EXT-02-2021-Diaria-IA+SMAP.rv1;REE;NORTE;5;93,7892739214228;13868,2058
202103-prevs-ECMWF_ENS_EXT-02-2021-Diaria-IA+SMAP.rv1;REE;NORTE;6;95,3384879601938;13889,0196
202103-prevs-ECMWF_ENS_EXT-02-2021-Diaria-IA+SMAP.rv1;REE;NORTE;M;94,2646583131151;14020,8651580645
202103-prevs-ECMWF_ENS_EXT-02-2021-Diaria-IA+SMAP.rv1;REE;BMONTE;1;89,236565605337;9070,52152857143
202103-prevs-ECMWF_ENS_EXT-02-2021-Diaria-IA+SMAP.rv1;REE;BMONTE;2;100,144650326853;10624,5782
202103-prevs-ECMWF_ENS_EXT-02-2021-Diaria-IA+SMAP.rv1;REE;BMONTE;3;108,942806572266;11557,995
202103-prevs-ECMWF_ENS_EXT-02-2021-Diaria-IA+SMAP.rv1;REE;BMONTE;4;110,418017042803;11714,5035
202103-prevs-ECMWF_ENS_EXT-02-2021-Diaria-IA+SMAP.rv1;REE;BMONTE;5;105,56348584735;11273,7958142857
202103-prevs-ECMWF_ENS_EXT-02-2021-Diaria-IA+SMAP.rv1;REE;BMONTE;6;97,828880077072;10619,9564
202103-prevs-ECMWF_ENS_EXT-02-2021-Diaria-IA+SMAP.rv1;REE;BMONTE;M;103,075512044154;10935,5201165899
202103-prevs-ECMWF_ENS_EXT-02-2021-Diaria-IA+SMAP.rv1;Bacia;SIN;1;94,9239007754037;110852,144058571
202103-prevs-ECMWF_ENS_EXT-02-2021-Diaria-IA+SMAP.rv1;Bacia;SIN;2;92,4733175581197;108178,2278
202103-prevs-ECMWF_ENS_EXT-02-2021-Diaria-IA+SMAP.rv1;Bacia;SIN;3;93,0533552424369;108856,77433
202103-prevs-ECMWF_ENS_EXT-02-2021-Diaria-IA+SMAP.rv1;Bacia;SIN;4;91,4630096086684;106996,33743
202103-prevs-ECMWF_ENS_EXT-02-2021-Diaria-IA+SMAP.rv1;Bacia;SIN;5;91,485710105426;102567,668914286
202103-prevs-ECMWF_ENS_EXT-02-2021-Diaria-IA+SMAP.rv1;Bacia;SIN;6;100,256243102164;100194,76285
202103-prevs-ECMWF_ENS_EXT-02-2021-Diaria-IA+SMAP.rv1;Bacia;SIN;M;91,9712707496579;107590,917476912
202103-prevs-ECMWF_ENS_EXT-02-2021-Diaria-IA+SMAP.rv1;Bacia;GRANDE;1;120,885650693913;9953,9999
202103-prevs-ECMWF_ENS_EXT-02-2021-Diaria-IA+SMAP.rv1;Bacia;GRANDE;2;102,908908842386;8210,9879
202103-prevs-ECMWF_ENS_EXT-02-2021-Diaria-IA+SMAP.rv1;Bacia;GRANDE;3;94,6118179011693;7548,9722
202103-prevs-ECMWF_ENS_EXT-02-2021-Diaria-IA+SMAP.rv1;Bacia;GRANDE;4;89,1043357898911;7109,5363
202103-prevs-ECMWF_ENS_EXT-02-2021-Diaria-IA+SMAP.rv1;Bacia;GRANDE;5;90,707994642717;6622,1743
202103-prevs-ECMWF_ENS_EXT-02-2021-Diaria-IA+SMAP.rv1;Bacia;GRANDE;6;110,47034966997;6191,4987
202103-prevs-ECMWF_ENS_EXT-02-2021-Diaria-IA+SMAP.rv1;Bacia;GRANDE;M;98,2299169353875;7837,65631612903
202103-prevs-ECMWF_ENS_EXT-02-2021-Diaria-IA+SMAP.rv1;Bacia;PARANAIBA;1;107,145258126027;9871,74
202103-prevs-ECMWF_ENS_EXT-02-2021-Diaria-IA+SMAP.rv1;Bacia;PARANAIBA;2;87,0169052634391;7977,1892
202103-prevs-ECMWF_ENS_EXT-02-2021-Diaria-IA+SMAP.rv1;Bacia;PARANAIBA;3;83,1801823421478;7625,4614
202103-prevs-ECMWF_ENS_EXT-02-2021-Diaria-IA+SMAP.rv1;Bacia;PARANAIBA;4;85,2695300933034;7817,0003
202103-prevs-ECMWF_ENS_EXT-02-2021-Diaria-IA+SMAP.rv1;Bacia;PARANAIBA;5;84,1815294293719;7183,4855
202103-prevs-ECMWF_ENS_EXT-02-2021-Diaria-IA+SMAP.rv1;Bacia;PARANAIBA;6;101,27474757425;7036,713
202103-prevs-ECMWF_ENS_EXT-02-2021-Diaria-IA+SMAP.rv1;Bacia;PARANAIBA;M;87,6927989654643;8039,15109032258
202103-prevs-ECMWF_ENS_EXT-02-2021-Diaria-IA+SMAP.rv1;Bacia;ALTO PARANA;1;91,6322647203866;4882,39922
202103-prevs-ECMWF_ENS_EXT-02-2021-Diaria-IA+SMAP.rv1;Bacia;ALTO PARANA;2;86,6723119967531;4562,3208
202103-prevs-ECMWF_ENS_EXT-02-2021-Diaria-IA+SMAP.rv1;Bacia;ALTO PARANA;3;78,4775712614408;4130,96002
202103-prevs-ECMWF_ENS_EXT-02-2021-Diaria-IA+SMAP.rv1;Bacia;ALTO PARANA;4;81,3861024431893;4284,06142
202103-prevs-ECMWF_ENS_EXT-02-2021-Diaria-IA+SMAP.rv1;Bacia;ALTO PARANA;5;82,094438700575;4015,292
202103-prevs-ECMWF_ENS_EXT-02-2021-Diaria-IA+SMAP.rv1;Bacia;ALTO PARANA;6;99,2764638107294;3930,3973
202103-prevs-ECMWF_ENS_EXT-02-2021-Diaria-IA+SMAP.rv1;Bacia;ALTO PARANA;M;82,9328278879081;4365,47908967742
202103-prevs-ECMWF_ENS_EXT-02-2021-Diaria-IA+SMAP.rv1;Bacia;PARANAPANEMA (SE);1;50,7963245560244;979,3601
202103-prevs-ECMWF_ENS_EXT-02-2021-Diaria-IA+SMAP.rv1;Bacia;PARANAPANEMA (SE);2;66,6907867773314;1216,1193
202103-prevs-ECMWF_ENS_EXT-02-2021-Diaria-IA+SMAP.rv1;Bacia;PARANAPANEMA (SE);3;73,7525879451225;1344,8926
202103-prevs-ECMWF_ENS_EXT-02-2021-Diaria-IA+SMAP.rv1;Bacia;PARANAPANEMA (SE);4;76,3647787056787;1392,5264
202103-prevs-ECMWF_ENS_EXT-02-2021-Diaria-IA+SMAP.rv1;Bacia;PARANAPANEMA (SE);5;76,826653693861;1300,0067
202103-prevs-ECMWF_ENS_EXT-02-2021-Diaria-IA+SMAP.rv1;Bacia;PARANAPANEMA (SE);6;85,5325275857238;1166,3697
202103-prevs-ECMWF_ENS_EXT-02-2021-Diaria-IA+SMAP.rv1;Bacia;PARANAPANEMA (SE);M;69,1176853449736;1260,37426129032
202103-prevs-ECMWF_ENS_EXT-02-2021-Diaria-IA+SMAP.rv1;Bacia;PARANAPANEMA (S);1;58,0991623487247;166,72
202103-prevs-ECMWF_ENS_EXT-02-2021-Diaria-IA+SMAP.rv1;Bacia;PARANAPANEMA (S);2;57,0352529012481;154,216
202103-prevs-ECMWF_ENS_EXT-02-2021-Diaria-IA+SMAP.rv1;Bacia;PARANAPANEMA (S);3;62,4304795270418;168,804
202103-prevs-ECMWF_ENS_EXT-02-2021-Diaria-IA+SMAP.rv1;Bacia;PARANAPANEMA (S);4;63,5865995182833;171,93
202103-prevs-ECMWF_ENS_EXT-02-2021-Diaria-IA+SMAP.rv1;Bacia;PARANAPANEMA (S);5;54,3762592400423;136,502
202103-prevs-ECMWF_ENS_EXT-02-2021-Diaria-IA+SMAP.rv1;Bacia;PARANAPANEMA (S);6;64,2748626855206;130,25
202103-prevs-ECMWF_ENS_EXT-02-2021-Diaria-IA+SMAP.rv1;Bacia;PARANAPANEMA (S);M;59,4220812702628;160,669677419355
202103-prevs-ECMWF_ENS_EXT-02-2021-Diaria-IA+SMAP.rv1;Bacia;IGUACU;1;54,3246915166469;2063,7157
202103-prevs-ECMWF_ENS_EXT-02-2021-Diaria-IA+SMAP.rv1;Bacia;IGUACU;2;49,3749321278997;1812,2017
202103-prevs-ECMWF_ENS_EXT-02-2021-Diaria-IA+SMAP.rv1;Bacia;IGUACU;3;54,5693161527384;2002,8505
202103-prevs-ECMWF_ENS_EXT-02-2021-Diaria-IA+SMAP.rv1;Bacia;IGUACU;4;58,2486878511614;2137,894
202103-prevs-ECMWF_ENS_EXT-02-2021-Diaria-IA+SMAP.rv1;Bacia;IGUACU;5;60,5355425434474;2130,0766
202103-prevs-ECMWF_ENS_EXT-02-2021-Diaria-IA+SMAP.rv1;Bacia;IGUACU;6;81,7770973610002;2567,6411
202103-prevs-ECMWF_ENS_EXT-02-2021-Diaria-IA+SMAP.rv1;Bacia;IGUACU;M;55,053781566925;2020,63177096774
202103-prevs-ECMWF_ENS_EXT-02-2021-Diaria-IA+SMAP.rv1;Bacia;URUGUAI;1;61,5983517089127;1546,522
202103-prevs-ECMWF_ENS_EXT-02-2021-Diaria-IA+SMAP.rv1;Bacia;URUGUAI;2;63,0305083234619;1476,9936
202103-prevs-ECMWF_ENS_EXT-02-2021-Diaria-IA+SMAP.rv1;Bacia;URUGUAI;3;60,1561083852811;1409,6378
202103-prevs-ECMWF_ENS_EXT-02-2021-Diaria-IA+SMAP.rv1;Bacia;URUGUAI;4;72,3664339268382;1695,7623
202103-prevs-ECMWF_ENS_EXT-02-2021-Diaria-IA+SMAP.rv1;Bacia;URUGUAI;5;79,971139997228;1889,2929
202103-prevs-ECMWF_ENS_EXT-02-2021-Diaria-IA+SMAP.rv1;Bacia;URUGUAI;6;82,6934458301288;1993,235
202103-prevs-ECMWF_ENS_EXT-02-2021-Diaria-IA+SMAP.rv1;Bacia;URUGUAI;M;67,8060034664275;1588,89775483871
202103-prevs-ECMWF_ENS_EXT-02-2021-Diaria-IA+SMAP.rv1;Bacia;JACUI;1;63,3058033236653;313,2416
202103-prevs-ECMWF_ENS_EXT-02-2021-Diaria-IA+SMAP.rv1;Bacia;JACUI;2;63,0858077666306;294,9788
202103-prevs-ECMWF_ENS_EXT-02-2021-Diaria-IA+SMAP.rv1;Bacia;JACUI;3;67,7759865429565;316,9093
202103-prevs-ECMWF_ENS_EXT-02-2021-Diaria-IA+SMAP.rv1;Bacia;JACUI;4;79,1196085970467;369,9502
202103-prevs-ECMWF_ENS_EXT-02-2021-Diaria-IA+SMAP.rv1;Bacia;JACUI;5;81,7154374975863;410,2938
202103-prevs-ECMWF_ENS_EXT-02-2021-Diaria-IA+SMAP.rv1;Bacia;JACUI;6;81,5244712341589;479,685
202103-prevs-ECMWF_ENS_EXT-02-2021-Diaria-IA+SMAP.rv1;Bacia;JACUI;M;72,373108272556;338,404680645161
202103-prevs-ECMWF_ENS_EXT-02-2021-Diaria-IA+SMAP.rv1;Bacia;ITAJAI-ACU;1;53,819160973374;108,763
202103-prevs-ECMWF_ENS_EXT-02-2021-Diaria-IA+SMAP.rv1;Bacia;ITAJAI-ACU;2;57,0132815030774;106,98
202103-prevs-ECMWF_ENS_EXT-02-2021-Diaria-IA+SMAP.rv1;Bacia;ITAJAI-ACU;3;63,6648310117698;119,461
202103-prevs-ECMWF_ENS_EXT-02-2021-Diaria-IA+SMAP.rv1;Bacia;ITAJAI-ACU;4;68,4159378036929;128,376
202103-prevs-ECMWF_ENS_EXT-02-2021-Diaria-IA+SMAP.rv1;Bacia;ITAJAI-ACU;5;76,3078159264777;131,942
202103-prevs-ECMWF_ENS_EXT-02-2021-Diaria-IA+SMAP.rv1;Bacia;ITAJAI-ACU;6;87,7903513996426;119,461
202103-prevs-ECMWF_ENS_EXT-02-2021-Diaria-IA+SMAP.rv1;Bacia;ITAJAI-ACU;M;63,3889602948194;118,94335483871
202103-prevs-ECMWF_ENS_EXT-02-2021-Diaria-IA+SMAP.rv1;Bacia;CAPIVARI;1;87,6641438644156;140,3754
202103-prevs-ECMWF_ENS_EXT-02-2021-Diaria-IA+SMAP.rv1;Bacia;CAPIVARI;2;57,9764705882353;89,3298
202103-prevs-ECMWF_ENS_EXT-02-2021-Diaria-IA+SMAP.rv1;Bacia;CAPIVARI;3;57,9764705882353;89,3298
202103-prevs-ECMWF_ENS_EXT-02-2021-Diaria-IA+SMAP.rv1;Bacia;CAPIVARI;4;49,6941176470588;76,5684
202103-prevs-ECMWF_ENS_EXT-02-2021-Diaria-IA+SMAP.rv1;Bacia;CAPIVARI;5;71,2911392405063;102,0912
202103-prevs-ECMWF_ENS_EXT-02-2021-Diaria-IA+SMAP.rv1;Bacia;CAPIVARI;6;88;102,0912
202103-prevs-ECMWF_ENS_EXT-02-2021-Diaria-IA+SMAP.rv1;Bacia;CAPIVARI;M;62,7855787476281;96,7396451612903
202103-prevs-ECMWF_ENS_EXT-02-2021-Diaria-IA+SMAP.rv1;Bacia;ALTO TIETE;1;187,466851270036;635,87376
202103-prevs-ECMWF_ENS_EXT-02-2021-Diaria-IA+SMAP.rv1;Bacia;ALTO TIETE;2;106,369915579432;350,4816
202103-prevs-ECMWF_ENS_EXT-02-2021-Diaria-IA+SMAP.rv1;Bacia;ALTO TIETE;3;95,0575594781274;313,20816
202103-prevs-ECMWF_ENS_EXT-02-2021-Diaria-IA+SMAP.rv1;Bacia;ALTO TIETE;4;89,9923254029164;296,51856
202103-prevs-ECMWF_ENS_EXT-02-2021-Diaria-IA+SMAP.rv1;Bacia;ALTO TIETE;5;99,7720455908818;300,4128
202103-prevs-ECMWF_ENS_EXT-02-2021-Diaria-IA+SMAP.rv1;Bacia;ALTO TIETE;6;117,252747252747;269,8152
202103-prevs-ECMWF_ENS_EXT-02-2021-Diaria-IA+SMAP.rv1;Bacia;ALTO TIETE;M;111,636669720001;367,83519483871
202103-prevs-ECMWF_ENS_EXT-02-2021-Diaria-IA+SMAP.rv1;Bacia;PARAIBA DO SUL;1;130,234471381539;2078,7412
202103-prevs-ECMWF_ENS_EXT-02-2021-Diaria-IA+SMAP.rv1;Bacia;PARAIBA DO SUL;2;124,115600520091;1967,4687
202103-prevs-ECMWF_ENS_EXT-02-2021-Diaria-IA+SMAP.rv1;Bacia;PARAIBA DO SUL;3;123,457578658058;1957,0378
202103-prevs-ECMWF_ENS_EXT-02-2021-Diaria-IA+SMAP.rv1;Bacia;PARAIBA DO SUL;4;113,441337664756;1798,2613
202103-prevs-ECMWF_ENS_EXT-02-2021-Diaria-IA+SMAP.rv1;Bacia;PARAIBA DO SUL;5;110,858086327639;1672,5096
202103-prevs-ECMWF_ENS_EXT-02-2021-Diaria-IA+SMAP.rv1;Bacia;PARAIBA DO SUL;6;118,414504566042;1560,0563
202103-prevs-ECMWF_ENS_EXT-02-2021-Diaria-IA+SMAP.rv1;Bacia;PARAIBA DO SUL;M;119,687718926906;1897,27834193548
202103-prevs-ECMWF_ENS_EXT-02-2021-Diaria-IA+SMAP.rv1;Bacia;DOCE;1;153,79561547646;1883,036
202103-prevs-ECMWF_ENS_EXT-02-2021-Diaria-IA+SMAP.rv1;Bacia;DOCE;2;151,128844815111;1786,0162
202103-prevs-ECMWF_ENS_EXT-02-2021-Diaria-IA+SMAP.rv1;Bacia;DOCE;3;127,270394495064;1504,0609
202103-prevs-ECMWF_ENS_EXT-02-2021-Diaria-IA+SMAP.rv1;Bacia;DOCE;4;135,819403230118;1605,0917
202103-prevs-ECMWF_ENS_EXT-02-2021-Diaria-IA+SMAP.rv1;Bacia;DOCE;5;126,996786839937;1397,8165
202103-prevs-ECMWF_ENS_EXT-02-2021-Diaria-IA+SMAP.rv1;Bacia;DOCE;6;142,068861174528;1275,6195
202103-prevs-ECMWF_ENS_EXT-02-2021-Diaria-IA+SMAP.rv1;Bacia;DOCE;M;138,310447270798;1634,53045483871
202103-prevs-ECMWF_ENS_EXT-02-2021-Diaria-IA+SMAP.rv1;Bacia;AMAZONAS (SE);1;115,792513331147;18044,3288
202103-prevs-ECMWF_ENS_EXT-02-2021-Diaria-IA+SMAP.rv1;Bacia;AMAZONAS (SE);2;120,811630178791;19433,3375
202103-prevs-ECMWF_ENS_EXT-02-2021-Diaria-IA+SMAP.rv1;Bacia;AMAZONAS (SE);3;120,945190826514;19454,8216
202103-prevs-ECMWF_ENS_EXT-02-2021-Diaria-IA+SMAP.rv1;Bacia;AMAZONAS (SE);4;119,371597093403;19201,6988
202103-prevs-ECMWF_ENS_EXT-02-2021-Diaria-IA+SMAP.rv1;Bacia;AMAZONAS (SE);5;117,946569523473;18539,0208
202103-prevs-ECMWF_ENS_EXT-02-2021-Diaria-IA+SMAP.rv1;Bacia;AMAZONAS (SE);6;123,904010401068;18337,0539
202103-prevs-ECMWF_ENS_EXT-02-2021-Diaria-IA+SMAP.rv1;Bacia;AMAZONAS (SE);M;118,227137027861;19017,6049451613
202103-prevs-ECMWF_ENS_EXT-02-2021-Diaria-IA+SMAP.rv1;Bacia;BAIXO PARANA;1;76,3154996480805;13579,7188
202103-prevs-ECMWF_ENS_EXT-02-2021-Diaria-IA+SMAP.rv1;Bacia;BAIXO PARANA;2;86,5422429757507;15120,3341
202103-prevs-ECMWF_ENS_EXT-02-2021-Diaria-IA+SMAP.rv1;Bacia;BAIXO PARANA;3;81,1608755983483;14180,1219
202103-prevs-ECMWF_ENS_EXT-02-2021-Diaria-IA+SMAP.rv1;Bacia;BAIXO PARANA;4;82,7313250406272;14454,5049
202103-prevs-ECMWF_ENS_EXT-02-2021-Diaria-IA+SMAP.rv1;Bacia;BAIXO PARANA;5;83,2882292634139;13685,6764
202103-prevs-ECMWF_ENS_EXT-02-2021-Diaria-IA+SMAP.rv1;Bacia;BAIXO PARANA;6;95,5793640778051;13220,4536
202103-prevs-ECMWF_ENS_EXT-02-2021-Diaria-IA+SMAP.rv1;Bacia;BAIXO PARANA;M;81,7199246947542;14277,7968483871
202103-prevs-ECMWF_ENS_EXT-02-2021-Diaria-IA+SMAP.rv1;Bacia;SAO FRANCISCO (SE);1;127,971705340497;925,898
202103-prevs-ECMWF_ENS_EXT-02-2021-Diaria-IA+SMAP.rv1;Bacia;SAO FRANCISCO (SE);2;98,9518656967908;687,4425
202103-prevs-ECMWF_ENS_EXT-02-2021-Diaria-IA+SMAP.rv1;Bacia;SAO FRANCISCO (SE);3;99,5523198551446;691,614
202103-prevs-ECMWF_ENS_EXT-02-2021-Diaria-IA+SMAP.rv1;Bacia;SAO FRANCISCO (SE);4;98,0231517498415;680,9905
202103-prevs-ECMWF_ENS_EXT-02-2021-Diaria-IA+SMAP.rv1;Bacia;SAO FRANCISCO (SE);5;93,7108299209157;592,513
202103-prevs-ECMWF_ENS_EXT-02-2021-Diaria-IA+SMAP.rv1;Bacia;SAO FRANCISCO (SE);6;117,7944837453;560,8935
202103-prevs-ECMWF_ENS_EXT-02-2021-Diaria-IA+SMAP.rv1;Bacia;SAO FRANCISCO (SE);M;102,209907537566;710,076903225806
202103-prevs-ECMWF_ENS_EXT-02-2021-Diaria-IA+SMAP.rv1;Bacia;SAO FRANCISCO (NE);1;65,2008414281452;8787,328
202103-prevs-ECMWF_ENS_EXT-02-2021-Diaria-IA+SMAP.rv1;Bacia;SAO FRANCISCO (NE);2;77,2886908071555;10397,4112
202103-prevs-ECMWF_ENS_EXT-02-2021-Diaria-IA+SMAP.rv1;Bacia;SAO FRANCISCO (NE);3;83,30393793871;11206,624
202103-prevs-ECMWF_ENS_EXT-02-2021-Diaria-IA+SMAP.rv1;Bacia;SAO FRANCISCO (NE);4;64,5967260690989;8690
202103-prevs-ECMWF_ENS_EXT-02-2021-Diaria-IA+SMAP.rv1;Bacia;SAO FRANCISCO (NE);5;67,9557365423252;8664,9728
202103-prevs-ECMWF_ENS_EXT-02-2021-Diaria-IA+SMAP.rv1;Bacia;SAO FRANCISCO (NE);6;75,5863876650702;8311,8112
202103-prevs-ECMWF_ENS_EXT-02-2021-Diaria-IA+SMAP.rv1;Bacia;SAO FRANCISCO (NE);M;71,7735473612972;9655,47581935484
202103-prevs-ECMWF_ENS_EXT-02-2021-Diaria-IA+SMAP.rv1;Bacia;JEQUITINHONHA (NE);1;83,9559671500961;307,1211
202103-prevs-ECMWF_ENS_EXT-02-2021-Diaria-IA+SMAP.rv1;Bacia;JEQUITINHONHA (NE);2;108,816644993498;374,4157
202103-prevs-ECMWF_ENS_EXT-02-2021-Diaria-IA+SMAP.rv1;Bacia;JEQUITINHONHA (NE);3;108,400520156047;372,9839
202103-prevs-ECMWF_ENS_EXT-02-2021-Diaria-IA+SMAP.rv1;Bacia;JEQUITINHONHA (NE);4;95,5006501950585;328,5981
202103-prevs-ECMWF_ENS_EXT-02-2021-Diaria-IA+SMAP.rv1;Bacia;JEQUITINHONHA (NE);5;90,8962157472667;284,9282
202103-prevs-ECMWF_ENS_EXT-02-2021-Diaria-IA+SMAP.rv1;Bacia;JEQUITINHONHA (NE);6;116,33017442659;275,6215
202103-prevs-ECMWF_ENS_EXT-02-2021-Diaria-IA+SMAP.rv1;Bacia;JEQUITINHONHA (NE);M;98,3665422207308;338,45904516129
202103-prevs-ECMWF_ENS_EXT-02-2021-Diaria-IA+SMAP.rv1;Bacia;PARNAIBA;1;110,683396272384;311,3194
202103-prevs-ECMWF_ENS_EXT-02-2021-Diaria-IA+SMAP.rv1;Bacia;PARNAIBA;2;97,2091489553044;277,7753
202103-prevs-ECMWF_ENS_EXT-02-2021-Diaria-IA+SMAP.rv1;Bacia;PARNAIBA;3;96,0220630114812;274,3832
202103-prevs-ECMWF_ENS_EXT-02-2021-Diaria-IA+SMAP.rv1;Bacia;PARNAIBA;4;99,3195239665458;283,8057
202103-prevs-ECMWF_ENS_EXT-02-2021-Diaria-IA+SMAP.rv1;Bacia;PARNAIBA;5;110,020475274555;303,7814
202103-prevs-ECMWF_ENS_EXT-02-2021-Diaria-IA+SMAP.rv1;Bacia;PARNAIBA;6;110,667369100828;278,906
202103-prevs-ECMWF_ENS_EXT-02-2021-Diaria-IA+SMAP.rv1;Bacia;PARNAIBA;M;100,778916363432;287,975916129032
202103-prevs-ECMWF_ENS_EXT-02-2021-Diaria-IA+SMAP.rv1;Bacia;TOCANTINS (SE);1;111,060611531257;5479,3032
202103-prevs-ECMWF_ENS_EXT-02-2021-Diaria-IA+SMAP.rv1;Bacia;TOCANTINS (SE);2;99,6554344760764;4853,6459
202103-prevs-ECMWF_ENS_EXT-02-2021-Diaria-IA+SMAP.rv1;Bacia;TOCANTINS (SE);3;101,616693437179;4949,1676
202103-prevs-ECMWF_ENS_EXT-02-2021-Diaria-IA+SMAP.rv1;Bacia;TOCANTINS (SE);4;103,638676017914;5047,6468
202103-prevs-ECMWF_ENS_EXT-02-2021-Diaria-IA+SMAP.rv1;Bacia;TOCANTINS (SE);5;101,461299802862;4551,9394
202103-prevs-ECMWF_ENS_EXT-02-2021-Diaria-IA+SMAP.rv1;Bacia;TOCANTINS (SE);6;122,507999661175;4319,9512
202103-prevs-ECMWF_ENS_EXT-02-2021-Diaria-IA+SMAP.rv1;Bacia;TOCANTINS (SE);M;102,070544747464;4971,2721
202103-prevs-ECMWF_ENS_EXT-02-2021-Diaria-IA+SMAP.rv1;Bacia;ITABAPOANA;1;138,431983761644;104,5878
202103-prevs-ECMWF_ENS_EXT-02-2021-Diaria-IA+SMAP.rv1;Bacia;ITABAPOANA;2;143,710130135239;107,9616
202103-prevs-ECMWF_ENS_EXT-02-2021-Diaria-IA+SMAP.rv1;Bacia;ITABAPOANA;3;139,219188568512;104,5878
202103-prevs-ECMWF_ENS_EXT-02-2021-Diaria-IA+SMAP.rv1;Bacia;ITABAPOANA;4;136,973717785149;102,9009
202103-prevs-ECMWF_ENS_EXT-02-2021-Diaria-IA+SMAP.rv1;Bacia;ITABAPOANA;5;132,396852811361;94,4664
202103-prevs-ECMWF_ENS_EXT-02-2021-Diaria-IA+SMAP.rv1;Bacia;ITABAPOANA;6;158,018575851393;97,8402
202103-prevs-ECMWF_ENS_EXT-02-2021-Diaria-IA+SMAP.rv1;Bacia;ITABAPOANA;M;137,55319411634;103,336229032258
202103-prevs-ECMWF_ENS_EXT-02-2021-Diaria-IA+SMAP.rv1;Bacia;ARAGUARI;1;137,699360400675;924,7681
202103-prevs-ECMWF_ENS_EXT-02-2021-Diaria-IA+SMAP.rv1;Bacia;ARAGUARI;2;129,763772005091;965,8608
202103-prevs-ECMWF_ENS_EXT-02-2021-Diaria-IA+SMAP.rv1;Bacia;ARAGUARI;3;130,09104954716;968,2968
202103-prevs-ECMWF_ENS_EXT-02-2021-Diaria-IA+SMAP.rv1;Bacia;ARAGUARI;4;112,457279153342;837,0447
202103-prevs-ECMWF_ENS_EXT-02-2021-Diaria-IA+SMAP.rv1;Bacia;ARAGUARI;5;120,046443621813;953,6808
202103-prevs-ECMWF_ENS_EXT-02-2021-Diaria-IA+SMAP.rv1;Bacia;ARAGUARI;6;116,148244664672;1068,2002
202103-prevs-ECMWF_ENS_EXT-02-2021-Diaria-IA+SMAP.rv1;Bacia;ARAGUARI;M;124,775367282417;928,730987096774
202103-prevs-ECMWF_ENS_EXT-02-2021-Diaria-IA+SMAP.rv1;Bacia;TIETE;1;59,294991968549;852,29535
202103-prevs-ECMWF_ENS_EXT-02-2021-Diaria-IA+SMAP.rv1;Bacia;TIETE;2;62,1850283896665;856,781
202103-prevs-ECMWF_ENS_EXT-02-2021-Diaria-IA+SMAP.rv1;Bacia;TIETE;3;63,9476407050625;881,06615
202103-prevs-ECMWF_ENS_EXT-02-2021-Diaria-IA+SMAP.rv1;Bacia;TIETE;4;57,9704222881111;798,71245
202103-prevs-ECMWF_ENS_EXT-02-2021-Diaria-IA+SMAP.rv1;Bacia;TIETE;5;59,5236725534762;743,8728
202103-prevs-ECMWF_ENS_EXT-02-2021-Diaria-IA+SMAP.rv1;Bacia;TIETE;6;74,5405833088612;692,85435
202103-prevs-ECMWF_ENS_EXT-02-2021-Diaria-IA+SMAP.rv1;Bacia;TIETE;M;60,2570899673472;830,217998387097
202103-prevs-ECMWF_ENS_EXT-02-2021-Diaria-IA+SMAP.rv1;Bacia;PARAGUAI;1;100,691467298085;698,5984
202103-prevs-ECMWF_ENS_EXT-02-2021-Diaria-IA+SMAP.rv1;Bacia;PARAGUAI;2;103,769021300817;718,1416
202103-prevs-ECMWF_ENS_EXT-02-2021-Diaria-IA+SMAP.rv1;Bacia;PARAGUAI;3;100,253650157;693,8132
202103-prevs-ECMWF_ENS_EXT-02-2021-Diaria-IA+SMAP.rv1;Bacia;PARAGUAI;4;102,86552739448;711,8889
202103-prevs-ECMWF_ENS_EXT-02-2021-Diaria-IA+SMAP.rv1;Bacia;PARAGUAI;5;103,806635605098;680,476
202103-prevs-ECMWF_ENS_EXT-02-2021-Diaria-IA+SMAP.rv1;Bacia;PARAGUAI;6;110,765327966013;624,9211
202103-prevs-ECMWF_ENS_EXT-02-2021-Diaria-IA+SMAP.rv1;Bacia;PARAGUAI;M;101,437910284321;702,008964516129
202103-prevs-ECMWF_ENS_EXT-02-2021-Diaria-IA+SMAP.rv1;Bacia;PARAGUACU;1;68,0930667602011;96,6368
202103-prevs-ECMWF_ENS_EXT-02-2021-Diaria-IA+SMAP.rv1;Bacia;PARAGUACU;2;79,4804807046354;112,4332
202103-prevs-ECMWF_ENS_EXT-02-2021-Diaria-IA+SMAP.rv1;Bacia;PARAGUACU;3;90,6471598118982;128,2296
202103-prevs-ECMWF_ENS_EXT-02-2021-Diaria-IA+SMAP.rv1;Bacia;PARAGUACU;4;93,2746137194895;131,9464
202103-prevs-ECMWF_ENS_EXT-02-2021-Diaria-IA+SMAP.rv1;Bacia;PARAGUACU;5;99,1139367800038;133,8048
202103-prevs-ECMWF_ENS_EXT-02-2021-Diaria-IA+SMAP.rv1;Bacia;PARAGUACU;6;88,3439943141436;104,9996
202103-prevs-ECMWF_ENS_EXT-02-2021-Diaria-IA+SMAP.rv1;Bacia;PARAGUACU;M;85,7524674517887;121,305561290323
202103-prevs-ECMWF_ENS_EXT-02-2021-Diaria-IA+SMAP.rv1;Bacia;JEQUITINHONHA (SE);1;141,668902602629;440,37
202103-prevs-ECMWF_ENS_EXT-02-2021-Diaria-IA+SMAP.rv1;Bacia;JEQUITINHONHA (SE);2;154,728492983527;465,3243
202103-prevs-ECMWF_ENS_EXT-02-2021-Diaria-IA+SMAP.rv1;Bacia;JEQUITINHONHA (SE);3;138,133007931666;415,4157
202103-prevs-ECMWF_ENS_EXT-02-2021-Diaria-IA+SMAP.rv1;Bacia;JEQUITINHONHA (SE);4;120,561317876754;362,5713
202103-prevs-ECMWF_ENS_EXT-02-2021-Diaria-IA+SMAP.rv1;Bacia;JEQUITINHONHA (SE);5;91,769901302663;246,6072
202103-prevs-ECMWF_ENS_EXT-02-2021-Diaria-IA+SMAP.rv1;Bacia;JEQUITINHONHA (SE);6;129,137199434229;243,6714
202103-prevs-ECMWF_ENS_EXT-02-2021-Diaria-IA+SMAP.rv1;Bacia;JEQUITINHONHA (SE);M;130,197405971383;391,550487096774
202103-prevs-ECMWF_ENS_EXT-02-2021-Diaria-IA+SMAP.rv1;Bacia;AMAZONAS (N);1;107,762978349724;542,7308
202103-prevs-ECMWF_ENS_EXT-02-2021-Diaria-IA+SMAP.rv1;Bacia;AMAZONAS (N);2;107,033159329495;578,0432
202103-prevs-ECMWF_ENS_EXT-02-2021-Diaria-IA+SMAP.rv1;Bacia;AMAZONAS (N);3;119,624836077219;646,0458
202103-prevs-ECMWF_ENS_EXT-02-2021-Diaria-IA+SMAP.rv1;Bacia;AMAZONAS (N);4;121,233750125044;654,7349
202103-prevs-ECMWF_ENS_EXT-02-2021-Diaria-IA+SMAP.rv1;Bacia;AMAZONAS (N);5;121,464035632088;718,0514
202103-prevs-ECMWF_ENS_EXT-02-2021-Diaria-IA+SMAP.rv1;Bacia;AMAZONAS (N);6;109,63610747368;788,1997
202103-prevs-ECMWF_ENS_EXT-02-2021-Diaria-IA+SMAP.rv1;Bacia;AMAZONAS (N);M;116,209793905084;627,602525806452
202103-prevs-ECMWF_ENS_EXT-02-2021-Diaria-IA+SMAP.rv1;Bacia;TOCANTINS (N);1;112,671444926013;16110,7161
202103-prevs-ECMWF_ENS_EXT-02-2021-Diaria-IA+SMAP.rv1;Bacia;TOCANTINS (N);2;85,0388727677411;12648,6277
202103-prevs-ECMWF_ENS_EXT-02-2021-Diaria-IA+SMAP.rv1;Bacia;TOCANTINS (N);3;93,1663387047864;13857,5018
202103-prevs-ECMWF_ENS_EXT-02-2021-Diaria-IA+SMAP.rv1;Bacia;TOCANTINS (N);4;95,2858576759535;14172,7577
202103-prevs-ECMWF_ENS_EXT-02-2021-Diaria-IA+SMAP.rv1;Bacia;TOCANTINS (N);5;93,7892739214228;13868,2058
202103-prevs-ECMWF_ENS_EXT-02-2021-Diaria-IA+SMAP.rv1;Bacia;TOCANTINS (N);6;95,3384879601938;13889,0196
202103-prevs-ECMWF_ENS_EXT-02-2021-Diaria-IA+SMAP.rv1;Bacia;TOCANTINS (N);M;94,2646583131151;14020,8651580645
202103-prevs-ECMWF_ENS_EXT-02-2021-Diaria-IA+SMAP.rv1;Bacia;MUCURI;1;25,3713720859991;13,392
202103-prevs-ECMWF_ENS_EXT-02-2021-Diaria-IA+SMAP.rv1;Bacia;MUCURI;2;30,7095773555642;16,0704
202103-prevs-ECMWF_ENS_EXT-02-2021-Diaria-IA+SMAP.rv1;Bacia;MUCURI;3;27,2974020938348;14,2848
202103-prevs-ECMWF_ENS_EXT-02-2021-Diaria-IA+SMAP.rv1;Bacia;MUCURI;4;31,5626211709965;16,5168
202103-prevs-ECMWF_ENS_EXT-02-2021-Diaria-IA+SMAP.rv1;Bacia;MUCURI;5;33,5358166189112;16,9632
202103-prevs-ECMWF_ENS_EXT-02-2021-Diaria-IA+SMAP.rv1;Bacia;MUCURI;6;35,7409440175631;16,5168
202103-prevs-ECMWF_ENS_EXT-02-2021-Diaria-IA+SMAP.rv1;Bacia;MUCURI;M;29,5813581157988;15,48
202103-prevs-ECMWF_ENS_EXT-02-2021-Diaria-IA+SMAP.rv1;Bacia;XINGU;1;89,0392909101208;9008,54352857143
202103-prevs-ECMWF_ENS_EXT-02-2021-Diaria-IA+SMAP.rv1;Bacia;XINGU;2;100,022314561269;10559,3382
202103-prevs-ECMWF_ENS_EXT-02-2021-Diaria-IA+SMAP.rv1;Bacia;XINGU;3;108,802217378111;11486,231
202103-prevs-ECMWF_ENS_EXT-02-2021-Diaria-IA+SMAP.rv1;Bacia;XINGU;4;110,226021013582;11636,5417
202103-prevs-ECMWF_ENS_EXT-02-2021-Diaria-IA+SMAP.rv1;Bacia;XINGU;5;105,398400072644;11196,8126142857
202103-prevs-ECMWF_ENS_EXT-02-2021-Diaria-IA+SMAP.rv1;Bacia;XINGU;6;97,6999277297498;10541,016
202103-prevs-ECMWF_ENS_EXT-02-2021-Diaria-IA+SMAP.rv1;Bacia;XINGU;M;102,913558878297;10864,5663552995
202103-prevs-ECMWF_ENS_EXT-02-2021-Diaria-IA+SMAP.rv2;Submercado;SIN;1;94,9239007754037;110852,144058571
202103-prevs-ECMWF_ENS_EXT-02-2021-Diaria-IA+SMAP.rv2;Submercado;SIN;2;95,1834443747407;111348,62034
202103-prevs-ECMWF_ENS_EXT-02-2021-Diaria-IA+SMAP.rv2;Submercado;SIN;3;94,3047606293989;110320,70815
202103-prevs-ECMWF_ENS_EXT-02-2021-Diaria-IA+SMAP.rv2;Submercado;SIN;4;94,4449944900206;110484,75818
202103-prevs-ECMWF_ENS_EXT-02-2021-Diaria-IA+SMAP.rv2;Submercado;SIN;5;92,709651759623;103939,870564286
202103-prevs-ECMWF_ENS_EXT-02-2021-Diaria-IA+SMAP.rv2;Submercado;SIN;6;102,607517336788;102544,59521
202103-prevs-ECMWF_ENS_EXT-02-2021-Diaria-IA+SMAP.rv2;Submercado;SIN;M;93,7283537285279;109646,409025945
202103-prevs-ECMWF_ENS_EXT-02-2021-Diaria-IA+SMAP.rv2;Submercado;SUDESTE;1;101,374723829935;70423,64253
202103-prevs-ECMWF_ENS_EXT-02-2021-Diaria-IA+SMAP.rv2;Submercado;SUDESTE;2;101,710023879931;70129,69044
202103-prevs-ECMWF_ENS_EXT-02-2021-Diaria-IA+SMAP.rv2;Submercado;SUDESTE;3;97,4693293686254;67205,70535
202103-prevs-ECMWF_ENS_EXT-02-2021-Diaria-IA+SMAP.rv2;Submercado;SUDESTE;4;97,7504970136715;67399,57218
202103-prevs-ECMWF_ENS_EXT-02-2021-Diaria-IA+SMAP.rv2;Submercado;SUDESTE;5;97,1203516267866;63023,27105
202103-prevs-ECMWF_ENS_EXT-02-2021-Diaria-IA+SMAP.rv2;Submercado;SUDESTE;6;111,233851312354;60895,20621
202103-prevs-ECMWF_ENS_EXT-02-2021-Diaria-IA+SMAP.rv2;Submercado;SUDESTE;M;98,2647784013157;67754,1723770968
202103-prevs-ECMWF_ENS_EXT-02-2021-Diaria-IA+SMAP.rv2;Submercado;SUL;1;58,2188555007154;4339,3377
202103-prevs-ECMWF_ENS_EXT-02-2021-Diaria-IA+SMAP.rv2;Submercado;SUL;2;55,9202100985329;3966,5754
202103-prevs-ECMWF_ENS_EXT-02-2021-Diaria-IA+SMAP.rv2;Submercado;SUL;3;85,8597514512877;6090,27
202103-prevs-ECMWF_ENS_EXT-02-2021-Diaria-IA+SMAP.rv2;Submercado;SUL;4;84,7560768023901;6011,9833
202103-prevs-ECMWF_ENS_EXT-02-2021-Diaria-IA+SMAP.rv2;Submercado;SUL;5;74,7278108037567;5193,9063
202103-prevs-ECMWF_ENS_EXT-02-2021-Diaria-IA+SMAP.rv2;Submercado;SUL;6;92,14708762965;6075,5546
202103-prevs-ECMWF_ENS_EXT-02-2021-Diaria-IA+SMAP.rv2;Submercado;SUL;M;72,830444827938;5166,06519032258
202103-prevs-ECMWF_ENS_EXT-02-2021-Diaria-IA+SMAP.rv2;Submercado;NORDESTE;1;66,6072443646896;9502,4053
202103-prevs-ECMWF_ENS_EXT-02-2021-Diaria-IA+SMAP.rv2;Submercado;NORDESTE;2;78,1443403818249;11115,2384
202103-prevs-ECMWF_ENS_EXT-02-2021-Diaria-IA+SMAP.rv2;Submercado;NORDESTE;3;77,8229458955862;11069,5233
202103-prevs-ECMWF_ENS_EXT-02-2021-Diaria-IA+SMAP.rv2;Submercado;NORDESTE;4;70,7896582698848;10069,1096
202103-prevs-ECMWF_ENS_EXT-02-2021-Diaria-IA+SMAP.rv2;Submercado;NORDESTE;5;64,1859623994594;8649,371
202103-prevs-ECMWF_ENS_EXT-02-2021-Diaria-IA+SMAP.rv2;Submercado;NORDESTE;6;77,7900267374283;9026,945
202103-prevs-ECMWF_ENS_EXT-02-2021-Diaria-IA+SMAP.rv2;Submercado;NORDESTE;M;71,786063248964;10210,838083871
202103-prevs-ECMWF_ENS_EXT-02-2021-Diaria-IA+SMAP.rv2;Submercado;NORTE;1;103,888788970332;26586,7585285714
202103-prevs-ECMWF_ENS_EXT-02-2021-Diaria-IA+SMAP.rv2;Submercado;NORTE;2;97,8357538001958;26137,1161
202103-prevs-ECMWF_ENS_EXT-02-2021-Diaria-IA+SMAP.rv2;Submercado;NORTE;3;97,1548458811989;25955,2095
202103-prevs-ECMWF_ENS_EXT-02-2021-Diaria-IA+SMAP.rv2;Submercado;NORTE;4;101,080998914382;27004,0931
202103-prevs-ECMWF_ENS_EXT-02-2021-Diaria-IA+SMAP.rv2;Submercado;NORTE;5;101,036930111248;27073,3222142857
202103-prevs-ECMWF_ENS_EXT-02-2021-Diaria-IA+SMAP.rv2;Submercado;NORTE;6;98,3367482105087;26546,8894
202103-prevs-ECMWF_ENS_EXT-02-2021-Diaria-IA+SMAP.rv2;Submercado;NORTE;M;99,2514865851172;26515,3333746544
202103-prevs-ECMWF_ENS_EXT-02-2021-Diaria-IA+SMAP.rv2;REE;SIN;1;94,9239184081777;110852,144058571
202103-prevs-ECMWF_ENS_EXT-02-2021-Diaria-IA+SMAP.rv2;REE;SIN;2;95,1834538787363;111348,62034
202103-prevs-ECMWF_ENS_EXT-02-2021-Diaria-IA+SMAP.rv2;REE;SIN;3;94,3047700456587;110320,70815
202103-prevs-ECMWF_ENS_EXT-02-2021-Diaria-IA+SMAP.rv2;REE;SIN;4;94,4450039202826;110484,75818
202103-prevs-ECMWF_ENS_EXT-02-2021-Diaria-IA+SMAP.rv2;REE;SIN;5;92,7096558992305;103939,870564286
202103-prevs-ECMWF_ENS_EXT-02-2021-Diaria-IA+SMAP.rv2;REE;SIN;6;102,607505344177;102544,59521
202103-prevs-ECMWF_ENS_EXT-02-2021-Diaria-IA+SMAP.rv2;REE;SIN;M;93,7283630872337;109646,409025945
202103-prevs-ECMWF_ENS_EXT-02-2021-Diaria-IA+SMAP.rv2;REE;PARANA;1;99,3134350212916;36478,92017
202103-prevs-ECMWF_ENS_EXT-02-2021-Diaria-IA+SMAP.rv2;REE;PARANA;2;95,6928237938218;34573,68016
202103-prevs-ECMWF_ENS_EXT-02-2021-Diaria-IA+SMAP.rv2;REE;PARANA;3;85,5044623089602;30892,63975
202103-prevs-ECMWF_ENS_EXT-02-2021-Diaria-IA+SMAP.rv2;REE;PARANA;4;85,4866918814609;30886,21932
202103-prevs-ECMWF_ENS_EXT-02-2021-Diaria-IA+SMAP.rv2;REE;PARANA;5;85,1665304807324;28473,52015
202103-prevs-ECMWF_ENS_EXT-02-2021-Diaria-IA+SMAP.rv2;REE;PARANA;6;102,876138094931;27457,65319
202103-prevs-ECMWF_ENS_EXT-02-2021-Diaria-IA+SMAP.rv2;REE;PARANA;M;89,2149262008653;32233,2250390323
202103-prevs-ECMWF_ENS_EXT-02-2021-Diaria-IA+SMAP.rv2;REE;PRNPANEMA;1;50,2113813434252;1680,3879
202103-prevs-ECMWF_ENS_EXT-02-2021-Diaria-IA+SMAP.rv2;REE;PRNPANEMA;2;66,5459052932058;2102,7181
202103-prevs-ECMWF_ENS_EXT-02-2021-Diaria-IA+SMAP.rv2;REE;PRNPANEMA;3;74,0692875931592;2340,442
202103-prevs-ECMWF_ENS_EXT-02-2021-Diaria-IA+SMAP.rv2;REE;PRNPANEMA;4;72,7743325762278;2299,524
202103-prevs-ECMWF_ENS_EXT-02-2021-Diaria-IA+SMAP.rv2;REE;PRNPANEMA;5;77,0338668071796;2262,6763
202103-prevs-ECMWF_ENS_EXT-02-2021-Diaria-IA+SMAP.rv2;REE;PRNPANEMA;6;84,5982892860136;2014,174
202103-prevs-ECMWF_ENS_EXT-02-2021-Diaria-IA+SMAP.rv2;REE;PRNPANEMA;M;68,3118889703175;2158,51966774194
202103-prevs-ECMWF_ENS_EXT-02-2021-Diaria-IA+SMAP.rv2;REE;IGUACU;1;54,5897828707214;2230,4357
202103-prevs-ECMWF_ENS_EXT-02-2021-Diaria-IA+SMAP.rv2;REE;IGUACU;2;50,65854051743;1996,288
202103-prevs-ECMWF_ENS_EXT-02-2021-Diaria-IA+SMAP.rv2;REE;IGUACU;3;56,4781919914428;2225,6215
202103-prevs-ECMWF_ENS_EXT-02-2021-Diaria-IA+SMAP.rv2;REE;IGUACU;4;58,380663435593;2300,5917
202103-prevs-ECMWF_ENS_EXT-02-2021-Diaria-IA+SMAP.rv2;REE;IGUACU;5;56,5160617987185;2130,5159
202103-prevs-ECMWF_ENS_EXT-02-2021-Diaria-IA+SMAP.rv2;REE;IGUACU;6;77,7568648758373;2598,9843
202103-prevs-ECMWF_ENS_EXT-02-2021-Diaria-IA+SMAP.rv2;REE;IGUACU;M;55,2241081353776;2176,20214193548
202103-prevs-ECMWF_ENS_EXT-02-2021-Diaria-IA+SMAP.rv2;REE;SUL;1;62,621799322471;2108,902
202103-prevs-ECMWF_ENS_EXT-02-2021-Diaria-IA+SMAP.rv2;REE;SUL;2;62,4971644597316;1970,2874
202103-prevs-ECMWF_ENS_EXT-02-2021-Diaria-IA+SMAP.rv2;REE;SUL;3;122,585960242935;3864,6485
202103-prevs-ECMWF_ENS_EXT-02-2021-Diaria-IA+SMAP.rv2;REE;SUL;4;117,724678744668;3711,3916
202103-prevs-ECMWF_ENS_EXT-02-2021-Diaria-IA+SMAP.rv2;REE;SUL;5;96,3124394066552;3063,3904
202103-prevs-ECMWF_ENS_EXT-02-2021-Diaria-IA+SMAP.rv2;REE;SUL;6;106,942684783283;3476,5703
202103-prevs-ECMWF_ENS_EXT-02-2021-Diaria-IA+SMAP.rv2;REE;SUL;M;94,837921943328;2989,8630483871
202103-prevs-ECMWF_ENS_EXT-02-2021-Diaria-IA+SMAP.rv2;REE;SUDESTE;1;123,216115121228;12259,80036
202103-prevs-ECMWF_ENS_EXT-02-2021-Diaria-IA+SMAP.rv2;REE;SUDESTE;2;104,790284982679;10250,44728
202103-prevs-ECMWF_ENS_EXT-02-2021-Diaria-IA+SMAP.rv2;REE;SUDESTE;3;105,127959956804;10283,4782
202103-prevs-ECMWF_ENS_EXT-02-2021-Diaria-IA+SMAP.rv2;REE;SUDESTE;4;106,693083930085;10436,57656
202103-prevs-ECMWF_ENS_EXT-02-2021-Diaria-IA+SMAP.rv2;REE;SUDESTE;5;102,833608286466;9332,46
202103-prevs-ECMWF_ENS_EXT-02-2021-Diaria-IA+SMAP.rv2;REE;SUDESTE;6;119,180252434798;8710,74812
202103-prevs-ECMWF_ENS_EXT-02-2021-Diaria-IA+SMAP.rv2;REE;SUDESTE;M;107,095719186622;10475,9618090323
202103-prevs-ECMWF_ENS_EXT-02-2021-Diaria-IA+SMAP.rv2;REE;MADEIRA;1;121,975594868512;14229,6187
202103-prevs-ECMWF_ENS_EXT-02-2021-Diaria-IA+SMAP.rv2;REE;MADEIRA;2;125,514647174294;15219,0389
202103-prevs-ECMWF_ENS_EXT-02-2021-Diaria-IA+SMAP.rv2;REE;MADEIRA;3;127,653178229206;15478,3424
202103-prevs-ECMWF_ENS_EXT-02-2021-Diaria-IA+SMAP.rv2;REE;MADEIRA;4;128,089560507691;15531,2551
202103-prevs-ECMWF_ENS_EXT-02-2021-Diaria-IA+SMAP.rv2;REE;MADEIRA;5;125,741019334059;15065,0004
202103-prevs-ECMWF_ENS_EXT-02-2021-Diaria-IA+SMAP.rv2;REE;MADEIRA;6;130,303653080313;15141,4678
202103-prevs-ECMWF_ENS_EXT-02-2021-Diaria-IA+SMAP.rv2;REE;MADEIRA;M;125,057949643783;15163,6629129032
202103-prevs-ECMWF_ENS_EXT-02-2021-Diaria-IA+SMAP.rv2;REE;ITAIPU;1;50,8124853743116;1960,2053
202103-prevs-ECMWF_ENS_EXT-02-2021-Diaria-IA+SMAP.rv2;REE;ITAIPU;2;104,891905124076;3979,0009
202103-prevs-ECMWF_ENS_EXT-02-2021-Diaria-IA+SMAP.rv2;REE;ITAIPU;3;109,606756968971;4157,8555
202103-prevs-ECMWF_ENS_EXT-02-2021-Diaria-IA+SMAP.rv2;REE;ITAIPU;4;112,018376590785;4249,3386
202103-prevs-ECMWF_ENS_EXT-02-2021-Diaria-IA+SMAP.rv2;REE;ITAIPU;5;106,416278231915;3967,694
202103-prevs-ECMWF_ENS_EXT-02-2021-Diaria-IA+SMAP.rv2;REE;ITAIPU;6;103,682012479733;3697,3563
202103-prevs-ECMWF_ENS_EXT-02-2021-Diaria-IA+SMAP.rv2;REE;ITAIPU;M;98,9340945614498;3752,99553225806
202103-prevs-ECMWF_ENS_EXT-02-2021-Diaria-IA+SMAP.rv2;REE;NORDESTE;1;66,6072443646896;9502,4053
202103-prevs-ECMWF_ENS_EXT-02-2021-Diaria-IA+SMAP.rv2;REE;NORDESTE;2;78,1443403818249;11115,2384
202103-prevs-ECMWF_ENS_EXT-02-2021-Diaria-IA+SMAP.rv2;REE;NORDESTE;3;77,8229458955862;11069,5233
202103-prevs-ECMWF_ENS_EXT-02-2021-Diaria-IA+SMAP.rv2;REE;NORDESTE;4;70,7896582698848;10069,1096
202103-prevs-ECMWF_ENS_EXT-02-2021-Diaria-IA+SMAP.rv2;REE;NORDESTE;5;64,1859623994594;8649,371
202103-prevs-ECMWF_ENS_EXT-02-2021-Diaria-IA+SMAP.rv2;REE;NORDESTE;6;77,7900267374283;9026,945
202103-prevs-ECMWF_ENS_EXT-02-2021-Diaria-IA+SMAP.rv2;REE;NORDESTE;M;71,786063248964;10210,838083871
202103-prevs-ECMWF_ENS_EXT-02-2021-Diaria-IA+SMAP.rv2;REE;MAN;1;124,588360343643;1405,5209
202103-prevs-ECMWF_ENS_EXT-02-2021-Diaria-IA+SMAP.rv2;REE;MAN;2;113,369422576748;1396,8619
202103-prevs-ECMWF_ENS_EXT-02-2021-Diaria-IA+SMAP.rv2;REE;MAN;3;118,500330326134;1460,0815
202103-prevs-ECMWF_ENS_EXT-02-2021-Diaria-IA+SMAP.rv2;REE;MAN;4;104,819459818618;1291,515
202103-prevs-ECMWF_ENS_EXT-02-2021-Diaria-IA+SMAP.rv2;REE;MAN;5;118,579002575209;1576,2442
202103-prevs-ECMWF_ENS_EXT-02-2021-Diaria-IA+SMAP.rv2;REE;MAN;6;107,70861474055;1693,3299
202103-prevs-ECMWF_ENS_EXT-02-2021-Diaria-IA+SMAP.rv2;REE;MAN;M;115,058901577981;1417,67852580645
202103-prevs-ECMWF_ENS_EXT-02-2021-Diaria-IA+SMAP.rv2;REE;TPIRES;1;97,3792709070837;3814,7101
202103-prevs-ECMWF_ENS_EXT-02-2021-Diaria-IA+SMAP.rv2;REE;TPIRES;2;101,122704038891;4004,8051
202103-prevs-ECMWF_ENS_EXT-02-2021-Diaria-IA+SMAP.rv2;REE;TPIRES;3;102,338316171157;4052,9475
202103-prevs-ECMWF_ENS_EXT-02-2021-Diaria-IA+SMAP.rv2;REE;TPIRES;4;100,917002116355;3996,6586
202103-prevs-ECMWF_ENS_EXT-02-2021-Diaria-IA+SMAP.rv2;REE;TPIRES;5;104,943402567296;3921,9202
202103-prevs-ECMWF_ENS_EXT-02-2021-Diaria-IA+SMAP.rv2;REE;TPIRES;6;121,8460870624;3873,8068
202103-prevs-ECMWF_ENS_EXT-02-2021-Diaria-IA+SMAP.rv2;REE;TPIRES;M;100,239000502824;3969,80741612903
202103-prevs-ECMWF_ENS_EXT-02-2021-Diaria-IA+SMAP.rv2;REE;NORTE;1;112,671444926013;16110,7161
202103-prevs-ECMWF_ENS_EXT-02-2021-Diaria-IA+SMAP.rv2;REE;NORTE;2;89,8181779184099;13359,4985
202103-prevs-ECMWF_ENS_EXT-02-2021-Diaria-IA+SMAP.rv2;REE;NORTE;3;85,9334974185896;12781,6936
202103-prevs-ECMWF_ENS_EXT-02-2021-Diaria-IA+SMAP.rv2;REE;NORTE;4;93,4362296025211;13897,6452
202103-prevs-ECMWF_ENS_EXT-02-2021-Diaria-IA+SMAP.rv2;REE;NORTE;5;93,3909520249918;13809,3077
202103-prevs-ECMWF_ENS_EXT-02-2021-Diaria-IA+SMAP.rv2;REE;NORTE;6;92,2017682695593;13432,0587
202103-prevs-ECMWF_ENS_EXT-02-2021-Diaria-IA+SMAP.rv2;REE;NORTE;M;93,2291080188545;13866,8380677419
202103-prevs-ECMWF_ENS_EXT-02-2021-Diaria-IA+SMAP.rv2;REE;BMONTE;1;89,236565605337;9070,52152857143
202103-prevs-ECMWF_ENS_EXT-02-2021-Diaria-IA+SMAP.rv2;REE;BMONTE;2;107,272192700491;11380,7557
202103-prevs-ECMWF_ENS_EXT-02-2021-Diaria-IA+SMAP.rv2;REE;BMONTE;3;110,407939970222;11713,4344
202103-prevs-ECMWF_ENS_EXT-02-2021-Diaria-IA+SMAP.rv2;REE;BMONTE;4;111,364639765721;11814,9329
202103-prevs-ECMWF_ENS_EXT-02-2021-Diaria-IA+SMAP.rv2;REE;BMONTE;5;109,439783767926;11687,7703142857
202103-prevs-ECMWF_ENS_EXT-02-2021-Diaria-IA+SMAP.rv2;REE;BMONTE;6;105,212544193061;11421,5008
202103-prevs-ECMWF_ENS_EXT-02-2021-Diaria-IA+SMAP.rv2;REE;BMONTE;M;105,858905479072;11230,816781106
202103-prevs-ECMWF_ENS_EXT-02-2021-Diaria-IA+SMAP.rv2;Bacia;SIN;1;94,9239007754037;110852,144058571
202103-prevs-ECMWF_ENS_EXT-02-2021-Diaria-IA+SMAP.rv2;Bacia;SIN;2;95,1834443747407;111348,62034
202103-prevs-ECMWF_ENS_EXT-02-2021-Diaria-IA+SMAP.rv2;Bacia;SIN;3;94,3047606293989;110320,70815
202103-prevs-ECMWF_ENS_EXT-02-2021-Diaria-IA+SMAP.rv2;Bacia;SIN;4;94,4449944900206;110484,75818
202103-prevs-ECMWF_ENS_EXT-02-2021-Diaria-IA+SMAP.rv2;Bacia;SIN;5;92,709651759623;103939,870564286
202103-prevs-ECMWF_ENS_EXT-02-2021-Diaria-IA+SMAP.rv2;Bacia;SIN;6;102,607517336788;102544,59521
202103-prevs-ECMWF_ENS_EXT-02-2021-Diaria-IA+SMAP.rv2;Bacia;SIN;M;93,7283537285279;109646,409025945
202103-prevs-ECMWF_ENS_EXT-02-2021-Diaria-IA+SMAP.rv2;Bacia;GRANDE;1;120,885650693913;9953,9999
202103-prevs-ECMWF_ENS_EXT-02-2021-Diaria-IA+SMAP.rv2;Bacia;GRANDE;2;110,681340291416;8831,1416
202103-prevs-ECMWF_ENS_EXT-02-2021-Diaria-IA+SMAP.rv2;Bacia;GRANDE;3;75,6525775089477;6036,2354
202103-prevs-ECMWF_ENS_EXT-02-2021-Diaria-IA+SMAP.rv2;Bacia;GRANDE;4;72,127616953839;5754,9827
202103-prevs-ECMWF_ENS_EXT-02-2021-Diaria-IA+SMAP.rv2;Bacia;GRANDE;5;75,4445394194529;5507,8595
202103-prevs-ECMWF_ENS_EXT-02-2021-Diaria-IA+SMAP.rv2;Bacia;GRANDE;6;95,1703145423252;5333,9822
202103-prevs-ECMWF_ENS_EXT-02-2021-Diaria-IA+SMAP.rv2;Bacia;GRANDE;M;89,617864134572;7150,51015806452
202103-prevs-ECMWF_ENS_EXT-02-2021-Diaria-IA+SMAP.rv2;Bacia;PARANAIBA;1;107,145258126027;9871,74
202103-prevs-ECMWF_ENS_EXT-02-2021-Diaria-IA+SMAP.rv2;Bacia;PARANAIBA;2;89,7648834790663;8229,1074
202103-prevs-ECMWF_ENS_EXT-02-2021-Diaria-IA+SMAP.rv2;Bacia;PARANAIBA;3;79,0932096674206;7250,7922
202103-prevs-ECMWF_ENS_EXT-02-2021-Diaria-IA+SMAP.rv2;Bacia;PARANAIBA;4;79,9984050898616;7333,7751
202103-prevs-ECMWF_ENS_EXT-02-2021-Diaria-IA+SMAP.rv2;Bacia;PARANAIBA;5;81,2474101949881;6933,1075
202103-prevs-ECMWF_ENS_EXT-02-2021-Diaria-IA+SMAP.rv2;Bacia;PARANAIBA;6;97,0072238039426;6740,1994
202103-prevs-ECMWF_ENS_EXT-02-2021-Diaria-IA+SMAP.rv2;Bacia;PARANAIBA;M;85,7596788641031;7861,93420645161
202103-prevs-ECMWF_ENS_EXT-02-2021-Diaria-IA+SMAP.rv2;Bacia;ALTO PARANA;1;91,6322647203866;4882,39922
202103-prevs-ECMWF_ENS_EXT-02-2021-Diaria-IA+SMAP.rv2;Bacia;ALTO PARANA;2;94,1632854300619;4956,63616
202103-prevs-ECMWF_ENS_EXT-02-2021-Diaria-IA+SMAP.rv2;Bacia;ALTO PARANA;3;86,2288533854754;4538,9777
202103-prevs-ECMWF_ENS_EXT-02-2021-Diaria-IA+SMAP.rv2;Bacia;ALTO PARANA;4;86,8705143309116;4572,75392
202103-prevs-ECMWF_ENS_EXT-02-2021-Diaria-IA+SMAP.rv2;Bacia;ALTO PARANA;5;87,4323257107169;4276,3715
202103-prevs-ECMWF_ENS_EXT-02-2021-Diaria-IA+SMAP.rv2;Bacia;ALTO PARANA;6;104,172820560469;4124,24614
202103-prevs-ECMWF_ENS_EXT-02-2021-Diaria-IA+SMAP.rv2;Bacia;ALTO PARANA;M;88,4130166987949;4653,94929225806
202103-prevs-ECMWF_ENS_EXT-02-2021-Diaria-IA+SMAP.rv2;Bacia;PARANAPANEMA (SE);1;50,7963245560244;979,3601
202103-prevs-ECMWF_ENS_EXT-02-2021-Diaria-IA+SMAP.rv2;Bacia;PARANAPANEMA (SE);2;68,0173809821059;1240,31
202103-prevs-ECMWF_ENS_EXT-02-2021-Diaria-IA+SMAP.rv2;Bacia;PARANAPANEMA (SE);3;74,2896428887834;1354,6859
202103-prevs-ECMWF_ENS_EXT-02-2021-Diaria-IA+SMAP.rv2;Bacia;PARANAPANEMA (SE);4;72,5530612262779;1323,019
202103-prevs-ECMWF_ENS_EXT-02-2021-Diaria-IA+SMAP.rv2;Bacia;PARANAPANEMA (SE);5;78,1351289671817;1322,1478
202103-prevs-ECMWF_ENS_EXT-02-2021-Diaria-IA+SMAP.rv2;Bacia;PARANAPANEMA (SE);6;86,3460536926501;1177,4634
202103-prevs-ECMWF_ENS_EXT-02-2021-Diaria-IA+SMAP.rv2;Bacia;PARANAPANEMA (SE);M;68,8736370373121;1255,92399354839
202103-prevs-ECMWF_ENS_EXT-02-2021-Diaria-IA+SMAP.rv2;Bacia;PARANAPANEMA (S);1;58,0991623487247;166,72
202103-prevs-ECMWF_ENS_EXT-02-2021-Diaria-IA+SMAP.rv2;Bacia;PARANAPANEMA (S);2;57,0352529012481;154,216
202103-prevs-ECMWF_ENS_EXT-02-2021-Diaria-IA+SMAP.rv2;Bacia;PARANAPANEMA (S);3;66,6695861615941;180,266
202103-prevs-ECMWF_ENS_EXT-02-2021-Diaria-IA+SMAP.rv2;Bacia;PARANAPANEMA (S);4;70,1379461353186;189,644
202103-prevs-ECMWF_ENS_EXT-02-2021-Diaria-IA+SMAP.rv2;Bacia;PARANAPANEMA (S);5;62,6779782079877;157,342
202103-prevs-ECMWF_ENS_EXT-02-2021-Diaria-IA+SMAP.rv2;Bacia;PARANAPANEMA (S);6;67,8742549959098;137,544
202103-prevs-ECMWF_ENS_EXT-02-2021-Diaria-IA+SMAP.rv2;Bacia;PARANAPANEMA (S);M;63,1017750058272;170,619096774194
202103-prevs-ECMWF_ENS_EXT-02-2021-Diaria-IA+SMAP.rv2;Bacia;IGUACU;1;54,3246915166469;2063,7157
202103-prevs-ECMWF_ENS_EXT-02-2021-Diaria-IA+SMAP.rv2;Bacia;IGUACU;2;50,1887731231598;1842,072
202103-prevs-ECMWF_ENS_EXT-02-2021-Diaria-IA+SMAP.rv2;Bacia;IGUACU;3;55,7273999852922;2045,3555
202103-prevs-ECMWF_ENS_EXT-02-2021-Diaria-IA+SMAP.rv2;Bacia;IGUACU;4;57,5145136510169;2110,9477
202103-prevs-ECMWF_ENS_EXT-02-2021-Diaria-IA+SMAP.rv2;Bacia;IGUACU;5;56,0764587381834;1973,1739
202103-prevs-ECMWF_ENS_EXT-02-2021-Diaria-IA+SMAP.rv2;Bacia;IGUACU;6;78,3946958402362;2461,4403
202103-prevs-ECMWF_ENS_EXT-02-2021-Diaria-IA+SMAP.rv2;Bacia;IGUACU;M;54,6437666026387;2005,58304516129
202103-prevs-ECMWF_ENS_EXT-02-2021-Diaria-IA+SMAP.rv2;Bacia;URUGUAI;1;61,5983517089127;1546,522
202103-prevs-ECMWF_ENS_EXT-02-2021-Diaria-IA+SMAP.rv2;Bacia;URUGUAI;2;63,087244561734;1478,3231
202103-prevs-ECMWF_ENS_EXT-02-2021-Diaria-IA+SMAP.rv2;Bacia;URUGUAI;3;129,535962945923;3035,4156
202103-prevs-ECMWF_ENS_EXT-02-2021-Diaria-IA+SMAP.rv2;Bacia;URUGUAI;4;119,983684291932;2811,5771
202103-prevs-ECMWF_ENS_EXT-02-2021-Diaria-IA+SMAP.rv2;Bacia;URUGUAI;5;93,922044145433;2218,8786
202103-prevs-ECMWF_ENS_EXT-02-2021-Diaria-IA+SMAP.rv2;Bacia;URUGUAI;6;108,012944413082;2603,5338
202103-prevs-ECMWF_ENS_EXT-02-2021-Diaria-IA+SMAP.rv2;Bacia;URUGUAI;M;96,5060686576664;2261,42624516129
202103-prevs-ECMWF_ENS_EXT-02-2021-Diaria-IA+SMAP.rv2;Bacia;JACUI;1;63,3058033236653;313,2416
202103-prevs-ECMWF_ENS_EXT-02-2021-Diaria-IA+SMAP.rv2;Bacia;JACUI;2;63,2303167289964;295,6545
202103-prevs-ECMWF_ENS_EXT-02-2021-Diaria-IA+SMAP.rv2;Bacia;JACUI;3;101,142158528769;472,924
202103-prevs-ECMWF_ENS_EXT-02-2021-Diaria-IA+SMAP.rv2;Bacia;JACUI;4;118,846420515389;555,7062
202103-prevs-ECMWF_ENS_EXT-02-2021-Diaria-IA+SMAP.rv2;Bacia;JACUI;5;105,904289488847;531,7462
202103-prevs-ECMWF_ENS_EXT-02-2021-Diaria-IA+SMAP.rv2;Bacia;JACUI;6;90,2442424086223;530,9916
202103-prevs-ECMWF_ENS_EXT-02-2021-Diaria-IA+SMAP.rv2;Bacia;JACUI;M;93,100039913986;435,320383870968
202103-prevs-ECMWF_ENS_EXT-02-2021-Diaria-IA+SMAP.rv2;Bacia;ITAJAI-ACU;1;53,819160973374;108,763
202103-prevs-ECMWF_ENS_EXT-02-2021-Diaria-IA+SMAP.rv2;Bacia;ITAJAI-ACU;2;57,0132815030774;106,98
202103-prevs-ECMWF_ENS_EXT-02-2021-Diaria-IA+SMAP.rv2;Bacia;ITAJAI-ACU;3;132,080768815463;247,837
202103-prevs-ECMWF_ENS_EXT-02-2021-Diaria-IA+SMAP.rv2;Bacia;ITAJAI-ACU;4;118,777669798078;222,875
202103-prevs-ECMWF_ENS_EXT-02-2021-Diaria-IA+SMAP.rv2;Bacia;ITAJAI-ACU;5;114,461723889717;197,913
202103-prevs-ECMWF_ENS_EXT-02-2021-Diaria-IA+SMAP.rv2;Bacia;ITAJAI-ACU;6;171,649791542585;233,573
202103-prevs-ECMWF_ENS_EXT-02-2021-Diaria-IA+SMAP.rv2;Bacia;ITAJAI-ACU;M;95,8804002911969;179,910451612903
202103-prevs-ECMWF_ENS_EXT-02-2021-Diaria-IA+SMAP.rv2;Bacia;CAPIVARI;1;87,6641438644156;140,3754
202103-prevs-ECMWF_ENS_EXT-02-2021-Diaria-IA+SMAP.rv2;Bacia;CAPIVARI;2;57,9764705882353;89,3298
202103-prevs-ECMWF_ENS_EXT-02-2021-Diaria-IA+SMAP.rv2;Bacia;CAPIVARI;3;70,4;108,4719
202103-prevs-ECMWF_ENS_EXT-02-2021-Diaria-IA+SMAP.rv2;Bacia;CAPIVARI;4;78,6823529411765;121,2333
202103-prevs-ECMWF_ENS_EXT-02-2021-Diaria-IA+SMAP.rv2;Bacia;CAPIVARI;5;80,2025316455696;114,8526
202103-prevs-ECMWF_ENS_EXT-02-2021-Diaria-IA+SMAP.rv2;Bacia;CAPIVARI;6;93,5;108,4719
202103-prevs-ECMWF_ENS_EXT-02-2021-Diaria-IA+SMAP.rv2;Bacia;CAPIVARI;M;73,472485768501;113,205967741936
202103-prevs-ECMWF_ENS_EXT-02-2021-Diaria-IA+SMAP.rv2;Bacia;ALTO TIETE;1;187,466851270036;635,87376
202103-prevs-ECMWF_ENS_EXT-02-2021-Diaria-IA+SMAP.rv2;Bacia;ALTO TIETE;2;110,422102839601;363,83328
202103-prevs-ECMWF_ENS_EXT-02-2021-Diaria-IA+SMAP.rv2;Bacia;ALTO TIETE;3;319,953952417498;1054,2264
202103-prevs-ECMWF_ENS_EXT-02-2021-Diaria-IA+SMAP.rv2;Bacia;ALTO TIETE;4;339,03300076746;1117,09056
202103-prevs-ECMWF_ENS_EXT-02-2021-Diaria-IA+SMAP.rv2;Bacia;ALTO TIETE;5;259,592081583683;781,6296
202103-prevs-ECMWF_ENS_EXT-02-2021-Diaria-IA+SMAP.rv2;Bacia;ALTO TIETE;6;275,846153846154;634,76112
202103-prevs-ECMWF_ENS_EXT-02-2021-Diaria-IA+SMAP.rv2;Bacia;ALTO TIETE;M;243,125789121878;801,082854193548
202103-prevs-ECMWF_ENS_EXT-02-2021-Diaria-IA+SMAP.rv2;Bacia;PARAIBA DO SUL;1;130,234471381539;2078,7412
202103-prevs-ECMWF_ENS_EXT-02-2021-Diaria-IA+SMAP.rv2;Bacia;PARAIBA DO SUL;2;106,44860710797;1687,4132
202103-prevs-ECMWF_ENS_EXT-02-2021-Diaria-IA+SMAP.rv2;Bacia;PARAIBA DO SUL;3;109,662725551093;1738,3631
202103-prevs-ECMWF_ENS_EXT-02-2021-Diaria-IA+SMAP.rv2;Bacia;PARAIBA DO SUL;4;100,657851965618;1595,6187
202103-prevs-ECMWF_ENS_EXT-02-2021-Diaria-IA+SMAP.rv2;Bacia;PARAIBA DO SUL;5;101,95312112887;1538,1609
202103-prevs-ECMWF_ENS_EXT-02-2021-Diaria-IA+SMAP.rv2;Bacia;PARAIBA DO SUL;6;111,453379606674;1468,3467
202103-prevs-ECMWF_ENS_EXT-02-2021-Diaria-IA+SMAP.rv2;Bacia;PARAIBA DO SUL;M;108,329863252052;1717,23469354839
202103-prevs-ECMWF_ENS_EXT-02-2021-Diaria-IA+SMAP.rv2;Bacia;DOCE;1;153,79561547646;1883,036
202103-prevs-ECMWF_ENS_EXT-02-2021-Diaria-IA+SMAP.rv2;Bacia;DOCE;2;119,457594872465;1411,7305
202103-prevs-ECMWF_ENS_EXT-02-2021-Diaria-IA+SMAP.rv2;Bacia;DOCE;3;108,192429418002;1278,6006
202103-prevs-ECMWF_ENS_EXT-02-2021-Diaria-IA+SMAP.rv2;Bacia;DOCE;4;103,956832336336;1228,545
202103-prevs-ECMWF_ENS_EXT-02-2021-Diaria-IA+SMAP.rv2;Bacia;DOCE;5;99,7314945593477;1097,7154
202103-prevs-ECMWF_ENS_EXT-02-2021-Diaria-IA+SMAP.rv2;Bacia;DOCE;6;117,263867964141;1052,8984
202103-prevs-ECMWF_ENS_EXT-02-2021-Diaria-IA+SMAP.rv2;Bacia;DOCE;M;115,560381283775;1365,67386129032
202103-prevs-ECMWF_ENS_EXT-02-2021-Diaria-IA+SMAP.rv2;Bacia;AMAZONAS (SE);1;115,792513331147;18044,3288
202103-prevs-ECMWF_ENS_EXT-02-2021-Diaria-IA+SMAP.rv2;Bacia;AMAZONAS (SE);2;119,509267615136;19223,844
202103-prevs-ECMWF_ENS_EXT-02-2021-Diaria-IA+SMAP.rv2;Bacia;AMAZONAS (SE);3;121,420572884794;19531,2899
202103-prevs-ECMWF_ENS_EXT-02-2021-Diaria-IA+SMAP.rv2;Bacia;AMAZONAS (SE);4;121,399583992597;19527,9137
202103-prevs-ECMWF_ENS_EXT-02-2021-Diaria-IA+SMAP.rv2;Bacia;AMAZONAS (SE);5;120,796139922587;18986,9206
202103-prevs-ECMWF_ENS_EXT-02-2021-Diaria-IA+SMAP.rv2;Bacia;AMAZONAS (SE);6;128,48676753999;19015,2746
202103-prevs-ECMWF_ENS_EXT-02-2021-Diaria-IA+SMAP.rv2;Bacia;AMAZONAS (SE);M;118,94743975027;19133,4703290323
202103-prevs-ECMWF_ENS_EXT-02-2021-Diaria-IA+SMAP.rv2;Bacia;BAIXO PARANA;1;76,3154996480805;13579,7188
202103-prevs-ECMWF_ENS_EXT-02-2021-Diaria-IA+SMAP.rv2;Bacia;BAIXO PARANA;2;93,3147553273781;16303,6019
202103-prevs-ECMWF_ENS_EXT-02-2021-Diaria-IA+SMAP.rv2;Bacia;BAIXO PARANA;3;93,2278761614886;16288,4227
202103-prevs-ECMWF_ENS_EXT-02-2021-Diaria-IA+SMAP.rv2;Bacia;BAIXO PARANA;4;94,1534095450376;16450,1284
202103-prevs-ECMWF_ENS_EXT-02-2021-Diaria-IA+SMAP.rv2;Bacia;BAIXO PARANA;5;92,2748643759258;15162,3338
202103-prevs-ECMWF_ENS_EXT-02-2021-Diaria-IA+SMAP.rv2;Bacia;BAIXO PARANA;6;103,939788101792;14376,8601
202103-prevs-ECMWF_ENS_EXT-02-2021-Diaria-IA+SMAP.rv2;Bacia;BAIXO PARANA;M;89,9163736828827;15709,849483871
202103-prevs-ECMWF_ENS_EXT-02-2021-Diaria-IA+SMAP.rv2;Bacia;SAO FRANCISCO (SE);1;127,971705340497;925,898
202103-prevs-ECMWF_ENS_EXT-02-2021-Diaria-IA+SMAP.rv2;Bacia;SAO FRANCISCO (SE);2;99,3288498609352;690,0615
202103-prevs-ECMWF_ENS_EXT-02-2021-Diaria-IA+SMAP.rv2;Bacia;SAO FRANCISCO (SE);3;66,7729782117819;463,888
202103-prevs-ECMWF_ENS_EXT-02-2021-Diaria-IA+SMAP.rv2;Bacia;SAO FRANCISCO (SE);4;77,3206179964384;537,165
202103-prevs-ECMWF_ENS_EXT-02-2021-Diaria-IA+SMAP.rv2;Bacia;SAO FRANCISCO (SE);5;74,5514582412485;471,3725
202103-prevs-ECMWF_ENS_EXT-02-2021-Diaria-IA+SMAP.rv2;Bacia;SAO FRANCISCO (SE);6;95,3716900509496;454,1245
202103-prevs-ECMWF_ENS_EXT-02-2021-Diaria-IA+SMAP.rv2;Bacia;SAO FRANCISCO (SE);M;87,4060274349611;607,230774193548
202103-prevs-ECMWF_ENS_EXT-02-2021-Diaria-IA+SMAP.rv2;Bacia;SAO FRANCISCO (NE);1;65,2008414281452;8787,328
202103-prevs-ECMWF_ENS_EXT-02-2021-Diaria-IA+SMAP.rv2;Bacia;SAO FRANCISCO (NE);2;77,2886908071555;10397,4112
202103-prevs-ECMWF_ENS_EXT-02-2021-Diaria-IA+SMAP.rv2;Bacia;SAO FRANCISCO (NE);3;76,4205108087868;10280,6176
202103-prevs-ECMWF_ENS_EXT-02-2021-Diaria-IA+SMAP.rv2;Bacia;SAO FRANCISCO (NE);4;69,3303741554425;9326,8032
202103-prevs-ECMWF_ENS_EXT-02-2021-Diaria-IA+SMAP.rv2;Bacia;SAO FRANCISCO (NE);5;62,3945321718846;7955,8688
202103-prevs-ECMWF_ENS_EXT-02-2021-Diaria-IA+SMAP.rv2;Bacia;SAO FRANCISCO (NE);6;76,4461859857836;8406,3584
202103-prevs-ECMWF_ENS_EXT-02-2021-Diaria-IA+SMAP.rv2;Bacia;SAO FRANCISCO (NE);M;70,4379371180311;9475,80025806452
202103-prevs-ECMWF_ENS_EXT-02-2021-Diaria-IA+SMAP.rv2;Bacia;JEQUITINHONHA (NE);1;83,9559671500961;307,1211
202103-prevs-ECMWF_ENS_EXT-02-2021-Diaria-IA+SMAP.rv2;Bacia;JEQUITINHONHA (NE);2;94,8764629388817;326,4504
202103-prevs-ECMWF_ENS_EXT-02-2021-Diaria-IA+SMAP.rv2;Bacia;JEQUITINHONHA (NE);3;105,279583875163;362,2454
202103-prevs-ECMWF_ENS_EXT-02-2021-Diaria-IA+SMAP.rv2;Bacia;JEQUITINHONHA (NE);4;80,7282184655397;277,7692
202103-prevs-ECMWF_ENS_EXT-02-2021-Diaria-IA+SMAP.rv2;Bacia;JEQUITINHONHA (NE);5;88,84077368263;278,4851
202103-prevs-ECMWF_ENS_EXT-02-2021-Diaria-IA+SMAP.rv2;Bacia;JEQUITINHONHA (NE);6;103,035297349265;244,1219
202103-prevs-ECMWF_ENS_EXT-02-2021-Diaria-IA+SMAP.rv2;Bacia;JEQUITINHONHA (NE);M;90,8762951466085;312,68664516129
202103-prevs-ECMWF_ENS_EXT-02-2021-Diaria-IA+SMAP.rv2;Bacia;PARNAIBA;1;110,683396272384;311,3194
202103-prevs-ECMWF_ENS_EXT-02-2021-Diaria-IA+SMAP.rv2;Bacia;PARNAIBA;2;89,1633442249468;254,7844
202103-prevs-ECMWF_ENS_EXT-02-2021-Diaria-IA+SMAP.rv2;Bacia;PARNAIBA;3;88,5038520339339;252,8999
202103-prevs-ECMWF_ENS_EXT-02-2021-Diaria-IA+SMAP.rv2;Bacia;PARNAIBA;4;92,3289067418088;263,83
202103-prevs-ECMWF_ENS_EXT-02-2021-Diaria-IA+SMAP.rv2;Bacia;PARNAIBA;5;98,1448160327604;270,9911
202103-prevs-ECMWF_ENS_EXT-02-2021-Diaria-IA+SMAP.rv2;Bacia;PARNAIBA;6;105,134000645786;264,9607
202103-prevs-ECMWF_ENS_EXT-02-2021-Diaria-IA+SMAP.rv2;Bacia;PARNAIBA;M;93,8351018103157;268,13395483871
202103-prevs-ECMWF_ENS_EXT-02-2021-Diaria-IA+SMAP.rv2;Bacia;TOCANTINS (SE);1;111,060611531257;5479,3032
202103-prevs-ECMWF_ENS_EXT-02-2021-Diaria-IA+SMAP.rv2;Bacia;TOCANTINS (SE);2;99,2134815047858;4832,1209
202103-prevs-ECMWF_ENS_EXT-02-2021-Diaria-IA+SMAP.rv2;Bacia;TOCANTINS (SE);3;92,3370402636159;4497,2088
202103-prevs-ECMWF_ENS_EXT-02-2021-Diaria-IA+SMAP.rv2;Bacia;TOCANTINS (SE);4;97,0833544178911;4728,3746
202103-prevs-ECMWF_ENS_EXT-02-2021-Diaria-IA+SMAP.rv2;Bacia;TOCANTINS (SE);5;97,370373432298;4368,4049
202103-prevs-ECMWF_ENS_EXT-02-2021-Diaria-IA+SMAP.rv2;Bacia;TOCANTINS (SE);6;115,937084095672;4088,2436
202103-prevs-ECMWF_ENS_EXT-02-2021-Diaria-IA+SMAP.rv2;Bacia;TOCANTINS (SE);M;97,7873119333982;4762,66034193548
202103-prevs-ECMWF_ENS_EXT-02-2021-Diaria-IA+SMAP.rv2;Bacia;ITABAPOANA;1;138,431983761644;104,5878
202103-prevs-ECMWF_ENS_EXT-02-2021-Diaria-IA+SMAP.rv2;Bacia;ITABAPOANA;2;136,973717785149;102,9009
202103-prevs-ECMWF_ENS_EXT-02-2021-Diaria-IA+SMAP.rv2;Bacia;ITABAPOANA;3;134,728247001786;101,214
202103-prevs-ECMWF_ENS_EXT-02-2021-Diaria-IA+SMAP.rv2;Bacia;ITABAPOANA;4;130,23730543506;97,8402
202103-prevs-ECMWF_ENS_EXT-02-2021-Diaria-IA+SMAP.rv2;Bacia;ITABAPOANA;5;134,761082325849;96,1533
202103-prevs-ECMWF_ENS_EXT-02-2021-Diaria-IA+SMAP.rv2;Bacia;ITABAPOANA;6;160,743034055728;99,5271
202103-prevs-ECMWF_ENS_EXT-02-2021-Diaria-IA+SMAP.rv2;Bacia;ITABAPOANA;M;133,859032505001;100,561006451613
202103-prevs-ECMWF_ENS_EXT-02-2021-Diaria-IA+SMAP.rv2;Bacia;ARAGUARI;1;137,699360400675;924,7681
202103-prevs-ECMWF_ENS_EXT-02-2021-Diaria-IA+SMAP.rv2;Bacia;ARAGUARI;2;119,025387424645;885,9326
202103-prevs-ECMWF_ENS_EXT-02-2021-Diaria-IA+SMAP.rv2;Bacia;ARAGUARI;3;120,031241899998;893,4194
202103-prevs-ECMWF_ENS_EXT-02-2021-Diaria-IA+SMAP.rv2;Bacia;ARAGUARI;4;98,2926507054509;731,6142
202103-prevs-ECMWF_ENS_EXT-02-2021-Diaria-IA+SMAP.rv2;Bacia;ARAGUARI;5;117,81752763456;935,9737
202103-prevs-ECMWF_ENS_EXT-02-2021-Diaria-IA+SMAP.rv2;Bacia;ARAGUARI;6;108,747084616478;1000,1327
202103-prevs-ECMWF_ENS_EXT-02-2021-Diaria-IA+SMAP.rv2;Bacia;ARAGUARI;M;116,496834269752;867,112012903226
202103-prevs-ECMWF_ENS_EXT-02-2021-Diaria-IA+SMAP.rv2;Bacia;TIETE;1;59,294991968549;852,29535
202103-prevs-ECMWF_ENS_EXT-02-2021-Diaria-IA+SMAP.rv2;Bacia;TIETE;2;79,4460459135865;1094,6021
202103-prevs-ECMWF_ENS_EXT-02-2021-Diaria-IA+SMAP.rv2;Bacia;TIETE;3;139,485632360748;1921,82335
202103-prevs-ECMWF_ENS_EXT-02-2021-Diaria-IA+SMAP.rv2;Bacia;TIETE;4;145,190367911212;2000,4228
202103-prevs-ECMWF_ENS_EXT-02-2021-Diaria-IA+SMAP.rv2;Bacia;TIETE;5;120,193591788388;1502,07035
202103-prevs-ECMWF_ENS_EXT-02-2021-Diaria-IA+SMAP.rv2;Bacia;TIETE;6;152,386553007111;1416,43225
202103-prevs-ECMWF_ENS_EXT-02-2021-Diaria-IA+SMAP.rv2;Bacia;TIETE;M;109,782314810717;1512,57310483871
202103-prevs-ECMWF_ENS_EXT-02-2021-Diaria-IA+SMAP.rv2;Bacia;PARAGUAI;1;100,691467298085;698,5984
202103-prevs-ECMWF_ENS_EXT-02-2021-Diaria-IA+SMAP.rv2;Bacia;PARAGUAI;2;100,136290016464;693,001
202103-prevs-ECMWF_ENS_EXT-02-2021-Diaria-IA+SMAP.rv2;Bacia;PARAGUAI;3;101,838532242001;704,7815
202103-prevs-ECMWF_ENS_EXT-02-2021-Diaria-IA+SMAP.rv2;Bacia;PARAGUAI;4;107,136297876751;741,4451
202103-prevs-ECMWF_ENS_EXT-02-2021-Diaria-IA+SMAP.rv2;Bacia;PARAGUAI;5;106,787768331299;700,018
202103-prevs-ECMWF_ENS_EXT-02-2021-Diaria-IA+SMAP.rv2;Bacia;PARAGUAI;6;112,210971410319;633,0772
202103-prevs-ECMWF_ENS_EXT-02-2021-Diaria-IA+SMAP.rv2;Bacia;PARAGUAI;M;102,395304220093;708,634683870968
202103-prevs-ECMWF_ENS_EXT-02-2021-Diaria-IA+SMAP.rv2;Bacia;PARAGUACU;1;68,0930667602011;96,6368
202103-prevs-ECMWF_ENS_EXT-02-2021-Diaria-IA+SMAP.rv2;Bacia;PARAGUACU;2;96,5589311039785;136,5924
202103-prevs-ECMWF_ENS_EXT-02-2021-Diaria-IA+SMAP.rv2;Bacia;PARAGUACU;3;122,833470179891;173,7604
202103-prevs-ECMWF_ENS_EXT-02-2021-Diaria-IA+SMAP.rv2;Bacia;PARAGUACU;4;141,882511009928;200,7072
202103-prevs-ECMWF_ENS_EXT-02-2021-Diaria-IA+SMAP.rv2;Bacia;PARAGUACU;5;106,685140284032;144,026
202103-prevs-ECMWF_ENS_EXT-02-2021-Diaria-IA+SMAP.rv2;Bacia;PARAGUACU;6;93,816631130064;111,504
202103-prevs-ECMWF_ENS_EXT-02-2021-Diaria-IA+SMAP.rv2;Bacia;PARAGUACU;M;109,018148020621;154,217225806452
202103-prevs-ECMWF_ENS_EXT-02-2021-Diaria-IA+SMAP.rv2;Bacia;JEQUITINHONHA (SE);1;141,668902602629;440,37
202103-prevs-ECMWF_ENS_EXT-02-2021-Diaria-IA+SMAP.rv2;Bacia;JEQUITINHONHA (SE);2;146,430750457596;440,37
202103-prevs-ECMWF_ENS_EXT-02-2021-Diaria-IA+SMAP.rv2;Bacia;JEQUITINHONHA (SE);3;137,64490543014;413,9478
202103-prevs-ECMWF_ENS_EXT-02-2021-Diaria-IA+SMAP.rv2;Bacia;JEQUITINHONHA (SE);4;118,120805369128;355,2318
202103-prevs-ECMWF_ENS_EXT-02-2021-Diaria-IA+SMAP.rv2;Bacia;JEQUITINHONHA (SE);5;92,8624001276947;249,543
202103-prevs-ECMWF_ENS_EXT-02-2021-Diaria-IA+SMAP.rv2;Bacia;JEQUITINHONHA (SE);6;131,471004243281;248,0751
202103-prevs-ECMWF_ENS_EXT-02-2021-Diaria-IA+SMAP.rv2;Bacia;JEQUITINHONHA (SE);M;127,819874431695;384,400393548387
202103-prevs-ECMWF_ENS_EXT-02-2021-Diaria-IA+SMAP.rv2;Bacia;AMAZONAS (N);1;107,762978349724;542,7308
202103-prevs-ECMWF_ENS_EXT-02-2021-Diaria-IA+SMAP.rv2;Bacia;AMAZONAS (N);2;105,266762757855;568,5036
202103-prevs-ECMWF_ENS_EXT-02-2021-Diaria-IA+SMAP.rv2;Bacia;AMAZONAS (N);3;116,945522295512;631,5759
202103-prevs-ECMWF_ENS_EXT-02-2021-Diaria-IA+SMAP.rv2;Bacia;AMAZONAS (N);4;117,324387659388;633,622
202103-prevs-ECMWF_ENS_EXT-02-2021-Diaria-IA+SMAP.rv2;Bacia;AMAZONAS (N);5;120,666946896794;713,3393
202103-prevs-ECMWF_ENS_EXT-02-2021-Diaria-IA+SMAP.rv2;Bacia;AMAZONAS (N);6;106,948185739591;768,8756
202103-prevs-ECMWF_ENS_EXT-02-2021-Diaria-IA+SMAP.rv2;Bacia;AMAZONAS (N);M;114,18243644817;616,653580645161
202103-prevs-ECMWF_ENS_EXT-02-2021-Diaria-IA+SMAP.rv2;Bacia;TOCANTINS (N);1;112,671444926013;16110,7161
202103-prevs-ECMWF_ENS_EXT-02-2021-Diaria-IA+SMAP.rv2;Bacia;TOCANTINS (N);2;89,8181779184099;13359,4985
202103-prevs-ECMWF_ENS_EXT-02-2021-Diaria-IA+SMAP.rv2;Bacia;TOCANTINS (N);3;85,9334974185896;12781,6936
202103-prevs-ECMWF_ENS_EXT-02-2021-Diaria-IA+SMAP.rv2;Bacia;TOCANTINS (N);4;93,4362296025211;13897,6452
202103-prevs-ECMWF_ENS_EXT-02-2021-Diaria-IA+SMAP.rv2;Bacia;TOCANTINS (N);5;93,3909520249918;13809,3077
202103-prevs-ECMWF_ENS_EXT-02-2021-Diaria-IA+SMAP.rv2;Bacia;TOCANTINS (N);6;92,2017682695593;13432,0587
202103-prevs-ECMWF_ENS_EXT-02-2021-Diaria-IA+SMAP.rv2;Bacia;TOCANTINS (N);M;93,2291080188545;13866,8380677419
202103-prevs-ECMWF_ENS_EXT-02-2021-Diaria-IA+SMAP.rv2;Bacia;MUCURI;1;25,3713720859991;13,392
202103-prevs-ECMWF_ENS_EXT-02-2021-Diaria-IA+SMAP.rv2;Bacia;MUCURI;2;55,447848003102;29,016
202103-prevs-ECMWF_ENS_EXT-02-2021-Diaria-IA+SMAP.rv2;Bacia;MUCURI;3;59,7130670802637;31,248
202103-prevs-ECMWF_ENS_EXT-02-2021-Diaria-IA+SMAP.rv2;Bacia;MUCURI;4;67,3904614191547;35,2656
202103-prevs-ECMWF_ENS_EXT-02-2021-Diaria-IA+SMAP.rv2;Bacia;MUCURI;5;58,2464183381089;29,4624
202103-prevs-ECMWF_ENS_EXT-02-2021-Diaria-IA+SMAP.rv2;Bacia;MUCURI;6;68,5839736553238;31,6944
202103-prevs-ECMWF_ENS_EXT-02-2021-Diaria-IA+SMAP.rv2;Bacia;MUCURI;M;54,4296989330698;28,4832
202103-prevs-ECMWF_ENS_EXT-02-2021-Diaria-IA+SMAP.rv2;Bacia;XINGU;1;89,0392909101208;9008,54352857143
202103-prevs-ECMWF_ENS_EXT-02-2021-Diaria-IA+SMAP.rv2;Bacia;XINGU;2;107,257745738753;11323,1814
202103-prevs-ECMWF_ENS_EXT-02-2021-Diaria-IA+SMAP.rv2;Bacia;XINGU;3;110,339489990634;11648,5206
202103-prevs-ECMWF_ENS_EXT-02-2021-Diaria-IA+SMAP.rv2;Bacia;XINGU;4;111,217497512093;11741,2117
202103-prevs-ECMWF_ENS_EXT-02-2021-Diaria-IA+SMAP.rv2;Bacia;XINGU;5;109,332092899826;11614,7015142857
202103-prevs-ECMWF_ENS_EXT-02-2021-Diaria-IA+SMAP.rv2;Bacia;XINGU;6;105,159315621433;11345,8224
202103-prevs-ECMWF_ENS_EXT-02-2021-Diaria-IA+SMAP.rv2;Bacia;XINGU;M;105,756827391099;11164,7297133641
202103-prevs-ECMWF_ENS_EXT-02-2021-Diaria-IA+SMAP.rv3;Submercado;SIN;1;94,9239007754037;110852,144058571
202103-prevs-ECMWF_ENS_EXT-02-2021-Diaria-IA+SMAP.rv3;Submercado;SIN;2;95,1834443747407;111348,62034
202103-prevs-ECMWF_ENS_EXT-02-2021-Diaria-IA+SMAP.rv3;Submercado;SIN;3;92,8030049020959;108563,90654
202103-prevs-ECMWF_ENS_EXT-02-2021-Diaria-IA+SMAP.rv3;Submercado;SIN;4;94,1528122300154;110142,95408
202103-prevs-ECMWF_ENS_EXT-02-2021-Diaria-IA+SMAP.rv3;Submercado;SIN;5;94,1915784228051;105601,307778571
202103-prevs-ECMWF_ENS_EXT-02-2021-Diaria-IA+SMAP.rv3;Submercado;SIN;6;102,627119857664;102564,18571
202103-prevs-ECMWF_ENS_EXT-02-2021-Diaria-IA+SMAP.rv3;Submercado;SIN;M;93,5523412761753;109440,504061475
202103-prevs-ECMWF_ENS_EXT-02-2021-Diaria-IA+SMAP.rv3;Submercado;SUDESTE;1;101,374723829935;70423,64253
202103-prevs-ECMWF_ENS_EXT-02-2021-Diaria-IA+SMAP.rv3;Submercado;SUDESTE;2;101,710023879931;70129,69044
202103-prevs-ECMWF_ENS_EXT-02-2021-Diaria-IA+SMAP.rv3;Submercado;SUDESTE;3;94,2902405353916;65013,70394
202103-prevs-ECMWF_ENS_EXT-02-2021-Diaria-IA+SMAP.rv3;Submercado;SUDESTE;4;98,909651229466;68198,81618
202103-prevs-ECMWF_ENS_EXT-02-2021-Diaria-IA+SMAP.rv3;Submercado;SUDESTE;5;100,366318705805;65129,64175
202103-prevs-ECMWF_ENS_EXT-02-2021-Diaria-IA+SMAP.rv3;Submercado;SUDESTE;6;114,171061674761;62503,18821
202103-prevs-ECMWF_ENS_EXT-02-2021-Diaria-IA+SMAP.rv3;Submercado;SUDESTE;M;98,3013895319386;67779,4159780645
202103-prevs-ECMWF_ENS_EXT-02-2021-Diaria-IA+SMAP.rv3;Submercado;SUL;1;58,2188555007154;4339,3377
202103-prevs-ECMWF_ENS_EXT-02-2021-Diaria-IA+SMAP.rv3;Submercado;SUL;2;55,9202100985329;3966,5754
202103-prevs-ECMWF_ENS_EXT-02-2021-Diaria-IA+SMAP.rv3;Submercado;SUL;3;85,4686275742857;6062,5265
202103-prevs-ECMWF_ENS_EXT-02-2021-Diaria-IA+SMAP.rv3;Submercado;SUL;4;69,8390095521048;4953,8744
202103-prevs-ECMWF_ENS_EXT-02-2021-Diaria-IA+SMAP.rv3;Submercado;SUL;5;64,3615441702537;4473,4059
202103-prevs-ECMWF_ENS_EXT-02-2021-Diaria-IA+SMAP.rv3;Submercado;SUL;6;80,1400789014989;5283,8938
202103-prevs-ECMWF_ENS_EXT-02-2021-Diaria-IA+SMAP.rv3;Submercado;SUL;M;67,7354482632947;4804,66297096774
202103-prevs-ECMWF_ENS_EXT-02-2021-Diaria-IA+SMAP.rv3;Submercado;NORDESTE;1;66,6072443646896;9502,4053
202103-prevs-ECMWF_ENS_EXT-02-2021-Diaria-IA+SMAP.rv3;Submercado;NORDESTE;2;78,1443403818249;11115,2384
202103-prevs-ECMWF_ENS_EXT-02-2021-Diaria-IA+SMAP.rv3;Submercado;NORDESTE;3;77,4657119424766;11018,7104
202103-prevs-ECMWF_ENS_EXT-02-2021-Diaria-IA+SMAP.rv3;Submercado;NORDESTE;4;81,1292383034015;11539,8098
202103-prevs-ECMWF_ENS_EXT-02-2021-Diaria-IA+SMAP.rv3;Submercado;NORDESTE;5;77,3291148798351;10420,4748
202103-prevs-ECMWF_ENS_EXT-02-2021-Diaria-IA+SMAP.rv3;Submercado;NORDESTE;6;81,4195779356824;9448,127
202103-prevs-ECMWF_ENS_EXT-02-2021-Diaria-IA+SMAP.rv3;Submercado;NORDESTE;M;76,0484528867814;10817,1197
202103-prevs-ECMWF_ENS_EXT-02-2021-Diaria-IA+SMAP.rv3;Submercado;NORTE;1;103,888788970332;26586,7585285714
202103-prevs-ECMWF_ENS_EXT-02-2021-Diaria-IA+SMAP.rv3;Submercado;NORTE;2;97,8357538001958;26137,1161
202103-prevs-ECMWF_ENS_EXT-02-2021-Diaria-IA+SMAP.rv3;Submercado;NORTE;3;99,0779243457172;26468,9657
202103-prevs-ECMWF_ENS_EXT-02-2021-Diaria-IA+SMAP.rv3;Submercado;NORTE;4;95,2654574731939;25450,4537
202103-prevs-ECMWF_ENS_EXT-02-2021-Diaria-IA+SMAP.rv3;Submercado;NORTE;5;95,4556255855336;25577,7853285714
202103-prevs-ECMWF_ENS_EXT-02-2021-Diaria-IA+SMAP.rv3;Submercado;NORTE;6;93,8252752195419;25328,9767
202103-prevs-ECMWF_ENS_EXT-02-2021-Diaria-IA+SMAP.rv3;Submercado;NORTE;M;97,4696314510314;26039,3054124424
202103-prevs-ECMWF_ENS_EXT-02-2021-Diaria-IA+SMAP.rv3;REE;SIN;1;94,9239184081777;110852,144058571
202103-prevs-ECMWF_ENS_EXT-02-2021-Diaria-IA+SMAP.rv3;REE;SIN;2;95,1834538787363;111348,62034
202103-prevs-ECMWF_ENS_EXT-02-2021-Diaria-IA+SMAP.rv3;REE;SIN;3;92,8030141684064;108563,90654
202103-prevs-ECMWF_ENS_EXT-02-2021-Diaria-IA+SMAP.rv3;REE;SIN;4;94,1528216311032;110142,95408
202103-prevs-ECMWF_ENS_EXT-02-2021-Diaria-IA+SMAP.rv3;REE;SIN;5;94,1915826285825;105601,307778571
202103-prevs-ECMWF_ENS_EXT-02-2021-Diaria-IA+SMAP.rv3;REE;SIN;6;102,627107862763;102564,18571
202103-prevs-ECMWF_ENS_EXT-02-2021-Diaria-IA+SMAP.rv3;REE;SIN;M;93,5523506173065;109440,504061475
202103-prevs-ECMWF_ENS_EXT-02-2021-Diaria-IA+SMAP.rv3;REE;PARANA;1;99,3134350212916;36478,92017
202103-prevs-ECMWF_ENS_EXT-02-2021-Diaria-IA+SMAP.rv3;REE;PARANA;2;95,6928237938218;34573,68016
202103-prevs-ECMWF_ENS_EXT-02-2021-Diaria-IA+SMAP.rv3;REE;PARANA;3;83,0776351117634;30015,83056
202103-prevs-ECMWF_ENS_EXT-02-2021-Diaria-IA+SMAP.rv3;REE;PARANA;4;91,0848076276827;32908,81052
202103-prevs-ECMWF_ENS_EXT-02-2021-Diaria-IA+SMAP.rv3;REE;PARANA;5;92,3708379748096;30882,11885
202103-prevs-ECMWF_ENS_EXT-02-2021-Diaria-IA+SMAP.rv3;REE;PARANA;6;109,635451755464;29261,71479
202103-prevs-ECMWF_ENS_EXT-02-2021-Diaria-IA+SMAP.rv3;REE;PARANA;M;91,0062663539902;32880,4336703226
202103-prevs-ECMWF_ENS_EXT-02-2021-Diaria-IA+SMAP.rv3;REE;PRNPANEMA;1;50,2113813434252;1680,3879
202103-prevs-ECMWF_ENS_EXT-02-2021-Diaria-IA+SMAP.rv3;REE;PRNPANEMA;2;66,5459052932058;2102,7181
202103-prevs-ECMWF_ENS_EXT-02-2021-Diaria-IA+SMAP.rv3;REE;PRNPANEMA;3;67,2739511696784;2125,7229
202103-prevs-ECMWF_ENS_EXT-02-2021-Diaria-IA+SMAP.rv3;REE;PRNPANEMA;4;95,3189620453691;3011,8894
202103-prevs-ECMWF_ENS_EXT-02-2021-Diaria-IA+SMAP.rv3;REE;PRNPANEMA;5;97,9642969332553;2877,4551
202103-prevs-ECMWF_ENS_EXT-02-2021-Diaria-IA+SMAP.rv3;REE;PRNPANEMA;6;105,118755037487;2502,7393
202103-prevs-ECMWF_ENS_EXT-02-2021-Diaria-IA+SMAP.rv3;REE;PRNPANEMA;M;75,0062859993966;2370,04928387097
202103-prevs-ECMWF_ENS_EXT-02-2021-Diaria-IA+SMAP.rv3;REE;IGUACU;1;54,5897828707214;2230,4357
202103-prevs-ECMWF_ENS_EXT-02-2021-Diaria-IA+SMAP.rv3;REE;IGUACU;2;50,65854051743;1996,288
202103-prevs-ECMWF_ENS_EXT-02-2021-Diaria-IA+SMAP.rv3;REE;IGUACU;3;56,0277944345363;2207,8728
202103-prevs-ECMWF_ENS_EXT-02-2021-Diaria-IA+SMAP.rv3;REE;IGUACU;4;48,6435223400184;1916,8827
202103-prevs-ECMWF_ENS_EXT-02-2021-Diaria-IA+SMAP.rv3;REE;IGUACU;5;47,6198501495402;1795,1507
202103-prevs-ECMWF_ENS_EXT-02-2021-Diaria-IA+SMAP.rv3;REE;IGUACU;6;69,2481181993734;2314,5837
202103-prevs-ECMWF_ENS_EXT-02-2021-Diaria-IA+SMAP.rv3;REE;IGUACU;M;51,5510589239109;2031,45924193548
202103-prevs-ECMWF_ENS_EXT-02-2021-Diaria-IA+SMAP.rv3;REE;SUL;1;62,621799322471;2108,902
202103-prevs-ECMWF_ENS_EXT-02-2021-Diaria-IA+SMAP.rv3;REE;SUL;2;62,4971644597316;1970,2874
202103-prevs-ECMWF_ENS_EXT-02-2021-Diaria-IA+SMAP.rv3;REE;SUL;3;122,268926971879;3854,6537
202103-prevs-ECMWF_ENS_EXT-02-2021-Diaria-IA+SMAP.rv3;REE;SUL;4;96,3328343559116;3036,9917
202103-prevs-ECMWF_ENS_EXT-02-2021-Diaria-IA+SMAP.rv3;REE;SUL;5;84,2038584653002;2678,2552
202103-prevs-ECMWF_ENS_EXT-02-2021-Diaria-IA+SMAP.rv3;REE;SUL;6;91,3388675178292;2969,3101
202103-prevs-ECMWF_ENS_EXT-02-2021-Diaria-IA+SMAP.rv3;REE;SUL;M;87,9655270259912;2773,20372903226
202103-prevs-ECMWF_ENS_EXT-02-2021-Diaria-IA+SMAP.rv3;REE;SUDESTE;1;123,216115121228;12259,80036
202103-prevs-ECMWF_ENS_EXT-02-2021-Diaria-IA+SMAP.rv3;REE;SUDESTE;2;104,790284982679;10250,44728
202103-prevs-ECMWF_ENS_EXT-02-2021-Diaria-IA+SMAP.rv3;REE;SUDESTE;3;96,7181293812421;9460,83968
202103-prevs-ECMWF_ENS_EXT-02-2021-Diaria-IA+SMAP.rv3;REE;SUDESTE;4;82,9374892242793;8112,83566
202103-prevs-ECMWF_ENS_EXT-02-2021-Diaria-IA+SMAP.rv3;REE;SUDESTE;5;81,5254225580748;7398,6779
202103-prevs-ECMWF_ENS_EXT-02-2021-Diaria-IA+SMAP.rv3;REE;SUDESTE;6;96,2503253851964;7034,82602
202103-prevs-ECMWF_ENS_EXT-02-2021-Diaria-IA+SMAP.rv3;REE;SUDESTE;M;96,6440026194854;9453,58869806451
202103-prevs-ECMWF_ENS_EXT-02-2021-Diaria-IA+SMAP.rv3;REE;MADEIRA;1;121,975594868512;14229,6187
202103-prevs-ECMWF_ENS_EXT-02-2021-Diaria-IA+SMAP.rv3;REE;MADEIRA;2;125,514647174294;15219,0389
202103-prevs-ECMWF_ENS_EXT-02-2021-Diaria-IA+SMAP.rv3;REE;MADEIRA;3;127,569994370218;15468,2561
202103-prevs-ECMWF_ENS_EXT-02-2021-Diaria-IA+SMAP.rv3;REE;MADEIRA;4;133,053797678439;16133,1842
202103-prevs-ECMWF_ENS_EXT-02-2021-Diaria-IA+SMAP.rv3;REE;MADEIRA;5;135,442572639791;16227,3411
202103-prevs-ECMWF_ENS_EXT-02-2021-Diaria-IA+SMAP.rv3;REE;MADEIRA;6;139,875970925391;16253,7846
202103-prevs-ECMWF_ENS_EXT-02-2021-Diaria-IA+SMAP.rv3;REE;MADEIRA;M;127,706263407468;15484,7791419355
202103-prevs-ECMWF_ENS_EXT-02-2021-Diaria-IA+SMAP.rv3;REE;ITAIPU;1;50,8124853743116;1960,2053
202103-prevs-ECMWF_ENS_EXT-02-2021-Diaria-IA+SMAP.rv3;REE;ITAIPU;2;104,891905124076;3979,0009
202103-prevs-ECMWF_ENS_EXT-02-2021-Diaria-IA+SMAP.rv3;REE;ITAIPU;3;106,138360209508;4026,2843
202103-prevs-ECMWF_ENS_EXT-02-2021-Diaria-IA+SMAP.rv3;REE;ITAIPU;4;108,387398733222;4111,6
202103-prevs-ECMWF_ENS_EXT-02-2021-Diaria-IA+SMAP.rv3;REE;ITAIPU;5;104,541587320058;3897,7968
202103-prevs-ECMWF_ENS_EXT-02-2021-Diaria-IA+SMAP.rv3;REE;ITAIPU;6;102,730801356065;3663,4356
202103-prevs-ECMWF_ENS_EXT-02-2021-Diaria-IA+SMAP.rv3;REE;ITAIPU;M;97,0338187159173;3680,9099
202103-prevs-ECMWF_ENS_EXT-02-2021-Diaria-IA+SMAP.rv3;REE;NORDESTE;1;66,6072443646896;9502,4053
202103-prevs-ECMWF_ENS_EXT-02-2021-Diaria-IA+SMAP.rv3;REE;NORDESTE;2;78,1443403818249;11115,2384
202103-prevs-ECMWF_ENS_EXT-02-2021-Diaria-IA+SMAP.rv3;REE;NORDESTE;3;77,4657119424766;11018,7104
202103-prevs-ECMWF_ENS_EXT-02-2021-Diaria-IA+SMAP.rv3;REE;NORDESTE;4;81,1292383034015;11539,8098
202103-prevs-ECMWF_ENS_EXT-02-2021-Diaria-IA+SMAP.rv3;REE;NORDESTE;5;77,3291148798351;10420,4748
202103-prevs-ECMWF_ENS_EXT-02-2021-Diaria-IA+SMAP.rv3;REE;NORDESTE;6;81,4195779356824;9448,127
202103-prevs-ECMWF_ENS_EXT-02-2021-Diaria-IA+SMAP.rv3;REE;NORDESTE;M;76,0484528867814;10817,1197
202103-prevs-ECMWF_ENS_EXT-02-2021-Diaria-IA+SMAP.rv3;REE;MAN;1;124,588360343643;1405,5209
202103-prevs-ECMWF_ENS_EXT-02-2021-Diaria-IA+SMAP.rv3;REE;MAN;2;113,369422576748;1396,8619
202103-prevs-ECMWF_ENS_EXT-02-2021-Diaria-IA+SMAP.rv3;REE;MAN;3;117,611254121422;1449,1269
202103-prevs-ECMWF_ENS_EXT-02-2021-Diaria-IA+SMAP.rv3;REE;MAN;4;115,35037779233;1421,2699
202103-prevs-ECMWF_ENS_EXT-02-2021-Diaria-IA+SMAP.rv3;REE;MAN;5;118,418351414685;1574,1087
202103-prevs-ECMWF_ENS_EXT-02-2021-Diaria-IA+SMAP.rv3;REE;MAN;6;109,330671602888;1718,8309
202103-prevs-ECMWF_ENS_EXT-02-2021-Diaria-IA+SMAP.rv3;REE;MAN;M;117,208137243667;1444,15996451613
202103-prevs-ECMWF_ENS_EXT-02-2021-Diaria-IA+SMAP.rv3;REE;TPIRES;1;97,3792709070837;3814,7101
202103-prevs-ECMWF_ENS_EXT-02-2021-Diaria-IA+SMAP.rv3;REE;TPIRES;2;101,122704038891;4004,8051
202103-prevs-ECMWF_ENS_EXT-02-2021-Diaria-IA+SMAP.rv3;REE;TPIRES;3;98,8997976324714;3916,7704
202103-prevs-ECMWF_ENS_EXT-02-2021-Diaria-IA+SMAP.rv3;REE;TPIRES;4;98,9938804119926;3920,4964
202103-prevs-ECMWF_ENS_EXT-02-2021-Diaria-IA+SMAP.rv3;REE;TPIRES;5;102,918660102077;3846,252
202103-prevs-ECMWF_ENS_EXT-02-2021-Diaria-IA+SMAP.rv3;REE;TPIRES;6;119,105863395546;3786,6879
202103-prevs-ECMWF_ENS_EXT-02-2021-Diaria-IA+SMAP.rv3;REE;TPIRES;M;98,7201385068579;3909,65528387097
202103-prevs-ECMWF_ENS_EXT-02-2021-Diaria-IA+SMAP.rv3;REE;NORTE;1;112,671444926013;16110,7161
202103-prevs-ECMWF_ENS_EXT-02-2021-Diaria-IA+SMAP.rv3;REE;NORTE;2;89,8181779184099;13359,4985
202103-prevs-ECMWF_ENS_EXT-02-2021-Diaria-IA+SMAP.rv3;REE;NORTE;3;89,7567563830262;13350,3627
202103-prevs-ECMWF_ENS_EXT-02-2021-Diaria-IA+SMAP.rv3;REE;NORTE;4;82,3788183337612;12252,9729
202103-prevs-ECMWF_ENS_EXT-02-2021-Diaria-IA+SMAP.rv3;REE;NORTE;5;83,516667174986;12349,2408
202103-prevs-ECMWF_ENS_EXT-02-2021-Diaria-IA+SMAP.rv3;REE;NORTE;6;83,9561230128657;12230,8237
202103-prevs-ECMWF_ENS_EXT-02-2021-Diaria-IA+SMAP.rv3;REE;NORTE;M;90,0123191430533;13388,3749419355
202103-prevs-ECMWF_ENS_EXT-02-2021-Diaria-IA+SMAP.rv3;REE;BMONTE;1;89,236565605337;9070,52152857143
202103-prevs-ECMWF_ENS_EXT-02-2021-Diaria-IA+SMAP.rv3;REE;BMONTE;2;107,272192700491;11380,7557
202103-prevs-ECMWF_ENS_EXT-02-2021-Diaria-IA+SMAP.rv3;REE;BMONTE;3;109,993599890118;11669,4761
202103-prevs-ECMWF_ENS_EXT-02-2021-Diaria-IA+SMAP.rv3;REE;BMONTE;4;110,999655756289;11776,2109
202103-prevs-ECMWF_ENS_EXT-02-2021-Diaria-IA+SMAP.rv3;REE;BMONTE;5;109,127652470811;11654,4358285714
202103-prevs-ECMWF_ENS_EXT-02-2021-Diaria-IA+SMAP.rv3;REE;BMONTE;6;104,824002580583;11379,3221
202103-prevs-ECMWF_ENS_EXT-02-2021-Diaria-IA+SMAP.rv3;REE;BMONTE;M;105,63225122817;11206,7705059908
202103-prevs-ECMWF_ENS_EXT-02-2021-Diaria-IA+SMAP.rv3;Bacia;SIN;1;94,9239007754037;110852,144058571
202103-prevs-ECMWF_ENS_EXT-02-2021-Diaria-IA+SMAP.rv3;Bacia;SIN;2;95,1834443747407;111348,62034
202103-prevs-ECMWF_ENS_EXT-02-2021-Diaria-IA+SMAP.rv3;Bacia;SIN;3;92,8030049020959;108563,90654
202103-prevs-ECMWF_ENS_EXT-02-2021-Diaria-IA+SMAP.rv3;Bacia;SIN;4;94,1528122300154;110142,95408
202103-prevs-ECMWF_ENS_EXT-02-2021-Diaria-IA+SMAP.rv3;Bacia;SIN;5;94,1915784228051;105601,307778571
202103-prevs-ECMWF_ENS_EXT-02-2021-Diaria-IA+SMAP.rv3;Bacia;SIN;6;102,627119857664;102564,18571
202103-prevs-ECMWF_ENS_EXT-02-2021-Diaria-IA+SMAP.rv3;Bacia;SIN;M;93,5523412761753;109440,504061475
202103-prevs-ECMWF_ENS_EXT-02-2021-Diaria-IA+SMAP.rv3;Bacia;GRANDE;1;120,885650693913;9953,9999
202103-prevs-ECMWF_ENS_EXT-02-2021-Diaria-IA+SMAP.rv3;Bacia;GRANDE;2;110,681340291416;8831,1416
202103-prevs-ECMWF_ENS_EXT-02-2021-Diaria-IA+SMAP.rv3;Bacia;GRANDE;3;81,5761250501122;6508,8687
202103-prevs-ECMWF_ENS_EXT-02-2021-Diaria-IA+SMAP.rv3;Bacia;GRANDE;4;84,7835451669732;6764,7852
202103-prevs-ECMWF_ENS_EXT-02-2021-Diaria-IA+SMAP.rv3;Bacia;GRANDE;5;88,8508185676568;6486,5904
202103-prevs-ECMWF_ENS_EXT-02-2021-Diaria-IA+SMAP.rv3;Bacia;GRANDE;6;106,686319660104;5979,4163
202103-prevs-ECMWF_ENS_EXT-02-2021-Diaria-IA+SMAP.rv3;Bacia;GRANDE;M;95,7916982709196;7643,1135483871
202103-prevs-ECMWF_ENS_EXT-02-2021-Diaria-IA+SMAP.rv3;Bacia;PARANAIBA;1;107,145258126027;9871,74
202103-prevs-ECMWF_ENS_EXT-02-2021-Diaria-IA+SMAP.rv3;Bacia;PARANAIBA;2;89,7648834790663;8229,1074
202103-prevs-ECMWF_ENS_EXT-02-2021-Diaria-IA+SMAP.rv3;Bacia;PARANAIBA;3;80,5211551763429;7381,6977
202103-prevs-ECMWF_ENS_EXT-02-2021-Diaria-IA+SMAP.rv3;Bacia;PARANAIBA;4;77,9627355802989;7147,1571
202103-prevs-ECMWF_ENS_EXT-02-2021-Diaria-IA+SMAP.rv3;Bacia;PARANAIBA;5;81,4377614996549;6949,3508
202103-prevs-ECMWF_ENS_EXT-02-2021-Diaria-IA+SMAP.rv3;Bacia;PARANAIBA;6;98,7082124216442;6858,3865
202103-prevs-ECMWF_ENS_EXT-02-2021-Diaria-IA+SMAP.rv3;Bacia;PARANAIBA;M;85,6510291590929;7851,9738516129
202103-prevs-ECMWF_ENS_EXT-02-2021-Diaria-IA+SMAP.rv3;Bacia;ALTO PARANA;1;91,6322647203866;4882,39922
202103-prevs-ECMWF_ENS_EXT-02-2021-Diaria-IA+SMAP.rv3;Bacia;ALTO PARANA;2;94,1632854300619;4956,63616
202103-prevs-ECMWF_ENS_EXT-02-2021-Diaria-IA+SMAP.rv3;Bacia;ALTO PARANA;3;87,0433687911434;4581,85276
202103-prevs-ECMWF_ENS_EXT-02-2021-Diaria-IA+SMAP.rv3;Bacia;ALTO PARANA;4;93,3360345357986;4913,09072
202103-prevs-ECMWF_ENS_EXT-02-2021-Diaria-IA+SMAP.rv3;Bacia;ALTO PARANA;5;95,2284321623665;4657,6841
202103-prevs-ECMWF_ENS_EXT-02-2021-Diaria-IA+SMAP.rv3;Bacia;ALTO PARANA;6;109,375861572697;4330,23674
202103-prevs-ECMWF_ENS_EXT-02-2021-Diaria-IA+SMAP.rv3;Bacia;ALTO PARANA;M;91,2252754779226;4801,98303483871
202103-prevs-ECMWF_ENS_EXT-02-2021-Diaria-IA+SMAP.rv3;Bacia;PARANAPANEMA (SE);1;50,7963245560244;979,3601
202103-prevs-ECMWF_ENS_EXT-02-2021-Diaria-IA+SMAP.rv3;Bacia;PARANAPANEMA (SE);2;68,0173809821059;1240,31
202103-prevs-ECMWF_ENS_EXT-02-2021-Diaria-IA+SMAP.rv3;Bacia;PARANAPANEMA (SE);3;67,6442398597925;1233,5057
202103-prevs-ECMWF_ENS_EXT-02-2021-Diaria-IA+SMAP.rv3;Bacia;PARANAPANEMA (SE);4;100,401043338718;1830,8323
202103-prevs-ECMWF_ENS_EXT-02-2021-Diaria-IA+SMAP.rv3;Bacia;PARANAPANEMA (SE);5;104,139978034114;1762,1836
202103-prevs-ECMWF_ENS_EXT-02-2021-Diaria-IA+SMAP.rv3;Bacia;PARANAPANEMA (SE);6;112,75137300222;1537,5412
202103-prevs-ECMWF_ENS_EXT-02-2021-Diaria-IA+SMAP.rv3;Bacia;PARANAPANEMA (SE);M;77,5534340316841;1414,20175806452
202103-prevs-ECMWF_ENS_EXT-02-2021-Diaria-IA+SMAP.rv3;Bacia;PARANAPANEMA (S);1;58,0991623487247;166,72
202103-prevs-ECMWF_ENS_EXT-02-2021-Diaria-IA+SMAP.rv3;Bacia;PARANAPANEMA (S);2;57,0352529012481;154,216
202103-prevs-ECMWF_ENS_EXT-02-2021-Diaria-IA+SMAP.rv3;Bacia;PARANAPANEMA (S);3;66,6695861615941;180,266
202103-prevs-ECMWF_ENS_EXT-02-2021-Diaria-IA+SMAP.rv3;Bacia;PARANAPANEMA (S);4;62,045106196628;167,762
202103-prevs-ECMWF_ENS_EXT-02-2021-Diaria-IA+SMAP.rv3;Bacia;PARANAPANEMA (S);5;53,5460873432478;134,418
202103-prevs-ECMWF_ENS_EXT-02-2021-Diaria-IA+SMAP.rv3;Bacia;PARANAPANEMA (S);6;63,7606637840365;129,208
202103-prevs-ECMWF_ENS_EXT-02-2021-Diaria-IA+SMAP.rv3;Bacia;PARANAPANEMA (S);M;59,9069057827189;161,980580645161
202103-prevs-ECMWF_ENS_EXT-02-2021-Diaria-IA+SMAP.rv3;Bacia;IGUACU;1;54,3246915166469;2063,7157
202103-prevs-ECMWF_ENS_EXT-02-2021-Diaria-IA+SMAP.rv3;Bacia;IGUACU;2;50,1887731231598;1842,072
202103-prevs-ECMWF_ENS_EXT-02-2021-Diaria-IA+SMAP.rv3;Bacia;IGUACU;3;55,2438219940242;2027,6068
202103-prevs-ECMWF_ENS_EXT-02-2021-Diaria-IA+SMAP.rv3;Bacia;IGUACU;4;47,6562381803331;1749,1207
202103-prevs-ECMWF_ENS_EXT-02-2021-Diaria-IA+SMAP.rv3;Bacia;IGUACU;5;47,1970609010701;1660,7327
202103-prevs-ECMWF_ENS_EXT-02-2021-Diaria-IA+SMAP.rv3;Bacia;IGUACU;6;69,6022825733955;2185,3757
202103-prevs-ECMWF_ENS_EXT-02-2021-Diaria-IA+SMAP.rv3;Bacia;IGUACU;M;50,9354902469005;1869,47866129032
202103-prevs-ECMWF_ENS_EXT-02-2021-Diaria-IA+SMAP.rv3;Bacia;URUGUAI;1;61,5983517089127;1546,522
202103-prevs-ECMWF_ENS_EXT-02-2021-Diaria-IA+SMAP.rv3;Bacia;URUGUAI;2;63,087244561734;1478,3231
202103-prevs-ECMWF_ENS_EXT-02-2021-Diaria-IA+SMAP.rv3;Bacia;URUGUAI;3;129,179679000014;3027,0668
202103-prevs-ECMWF_ENS_EXT-02-2021-Diaria-IA+SMAP.rv3;Bacia;URUGUAI;4;96,6104665298193;2263,8726
202103-prevs-ECMWF_ENS_EXT-02-2021-Diaria-IA+SMAP.rv3;Bacia;URUGUAI;5;81,1356296542429;1916,8036
202103-prevs-ECMWF_ENS_EXT-02-2021-Diaria-IA+SMAP.rv3;Bacia;URUGUAI;6;92,3838339890299;2226,8112
202103-prevs-ECMWF_ENS_EXT-02-2021-Diaria-IA+SMAP.rv3;Bacia;URUGUAI;M;89,0685987495997;2087,1440483871
202103-prevs-ECMWF_ENS_EXT-02-2021-Diaria-IA+SMAP.rv3;Bacia;JACUI;1;63,3058033236653;313,2416
202103-prevs-ECMWF_ENS_EXT-02-2021-Diaria-IA+SMAP.rv3;Bacia;JACUI;2;63,2303167289964;295,6545
202103-prevs-ECMWF_ENS_EXT-02-2021-Diaria-IA+SMAP.rv3;Bacia;JACUI;3;100,790135808547;471,278
202103-prevs-ECMWF_ENS_EXT-02-2021-Diaria-IA+SMAP.rv3;Bacia;JACUI;4;111,157333238429;519,7533
202103-prevs-ECMWF_ENS_EXT-02-2021-Diaria-IA+SMAP.rv3;Bacia;JACUI;5;111,695617571762;560,8245
202103-prevs-ECMWF_ENS_EXT-02-2021-Diaria-IA+SMAP.rv3;Bacia;JACUI;6;93,4808328330388;550,0355
202103-prevs-ECMWF_ENS_EXT-02-2021-Diaria-IA+SMAP.rv3;Bacia;JACUI;M;92,2873452473386;431,520358064516
202103-prevs-ECMWF_ENS_EXT-02-2021-Diaria-IA+SMAP.rv3;Bacia;ITAJAI-ACU;1;53,819160973374;108,763
202103-prevs-ECMWF_ENS_EXT-02-2021-Diaria-IA+SMAP.rv3;Bacia;ITAJAI-ACU;2;57,0132815030774;106,98
202103-prevs-ECMWF_ENS_EXT-02-2021-Diaria-IA+SMAP.rv3;Bacia;ITAJAI-ACU;3;132,080768815463;247,837
202103-prevs-ECMWF_ENS_EXT-02-2021-Diaria-IA+SMAP.rv3;Bacia;ITAJAI-ACU;4;87,4203649713854;164,036
202103-prevs-ECMWF_ENS_EXT-02-2021-Diaria-IA+SMAP.rv3;Bacia;ITAJAI-ACU;5;68,0583223128045;117,678
202103-prevs-ECMWF_ENS_EXT-02-2021-Diaria-IA+SMAP.rv3;Bacia;ITAJAI-ACU;6;85,1697438951757;115,895
202103-prevs-ECMWF_ENS_EXT-02-2021-Diaria-IA+SMAP.rv3;Bacia;ITAJAI-ACU;M;81,9029506323779;153,683096774194
202103-prevs-ECMWF_ENS_EXT-02-2021-Diaria-IA+SMAP.rv3;Bacia;CAPIVARI;1;87,6641438644156;140,3754
202103-prevs-ECMWF_ENS_EXT-02-2021-Diaria-IA+SMAP.rv3;Bacia;CAPIVARI;2;57,9764705882353;89,3298
202103-prevs-ECMWF_ENS_EXT-02-2021-Diaria-IA+SMAP.rv3;Bacia;CAPIVARI;3;70,4;108,4719
202103-prevs-ECMWF_ENS_EXT-02-2021-Diaria-IA+SMAP.rv3;Bacia;CAPIVARI;4;57,9764705882353;89,3298
202103-prevs-ECMWF_ENS_EXT-02-2021-Diaria-IA+SMAP.rv3;Bacia;CAPIVARI;5;57,9240506329114;82,9491
202103-prevs-ECMWF_ENS_EXT-02-2021-Diaria-IA+SMAP.rv3;Bacia;CAPIVARI;6;66;76,5684
202103-prevs-ECMWF_ENS_EXT-02-2021-Diaria-IA+SMAP.rv3;Bacia;CAPIVARI;M;65,4573055028463;100,856225806452
202103-prevs-ECMWF_ENS_EXT-02-2021-Diaria-IA+SMAP.rv3;Bacia;ALTO TIETE;1;187,466851270036;635,87376
202103-prevs-ECMWF_ENS_EXT-02-2021-Diaria-IA+SMAP.rv3;Bacia;ALTO TIETE;2;110,422102839601;363,83328
202103-prevs-ECMWF_ENS_EXT-02-2021-Diaria-IA+SMAP.rv3;Bacia;ALTO TIETE;3;318,096699923254;1048,10688
202103-prevs-ECMWF_ENS_EXT-02-2021-Diaria-IA+SMAP.rv3;Bacia;ALTO TIETE;4;286,692248656946;944,63136
202103-prevs-ECMWF_ENS_EXT-02-2021-Diaria-IA+SMAP.rv3;Bacia;ALTO TIETE;5;193,077384523095;581,3544
202103-prevs-ECMWF_ENS_EXT-02-2021-Diaria-IA+SMAP.rv3;Bacia;ALTO TIETE;6;229,912087912088;529,06032
202103-prevs-ECMWF_ENS_EXT-02-2021-Diaria-IA+SMAP.rv3;Bacia;ALTO TIETE;M;221,08385116233;728,456175483871
202103-prevs-ECMWF_ENS_EXT-02-2021-Diaria-IA+SMAP.rv3;Bacia;PARAIBA DO SUL;1;130,234471381539;2078,7412
202103-prevs-ECMWF_ENS_EXT-02-2021-Diaria-IA+SMAP.rv3;Bacia;PARAIBA DO SUL;2;106,44860710797;1687,4132
202103-prevs-ECMWF_ENS_EXT-02-2021-Diaria-IA+SMAP.rv3;Bacia;PARAIBA DO SUL;3;97,773340596374;1549,8937
202103-prevs-ECMWF_ENS_EXT-02-2021-Diaria-IA+SMAP.rv3;Bacia;PARAIBA DO SUL;4;95,7566113680886;1517,9247
202103-prevs-ECMWF_ENS_EXT-02-2021-Diaria-IA+SMAP.rv3;Bacia;PARAIBA DO SUL;5;97,5762900395463;1472,1279
202103-prevs-ECMWF_ENS_EXT-02-2021-Diaria-IA+SMAP.rv3;Bacia;PARAIBA DO SUL;6;108,464378984738;1428,968
202103-prevs-ECMWF_ENS_EXT-02-2021-Diaria-IA+SMAP.rv3;Bacia;PARAIBA DO SUL;M;103,866557606547;1646,48279677419
202103-prevs-ECMWF_ENS_EXT-02-2021-Diaria-IA+SMAP.rv3;Bacia;DOCE;1;153,79561547646;1883,036
202103-prevs-ECMWF_ENS_EXT-02-2021-Diaria-IA+SMAP.rv3;Bacia;DOCE;2;119,457594872465;1411,7305
202103-prevs-ECMWF_ENS_EXT-02-2021-Diaria-IA+SMAP.rv3;Bacia;DOCE;3;58,8993183023774;696,0626
202103-prevs-ECMWF_ENS_EXT-02-2021-Diaria-IA+SMAP.rv3;Bacia;DOCE;4;65,3219990176618;771,9648
202103-prevs-ECMWF_ENS_EXT-02-2021-Diaria-IA+SMAP.rv3;Bacia;DOCE;5;64,0707943798144;705,2085
202103-prevs-ECMWF_ENS_EXT-02-2021-Diaria-IA+SMAP.rv3;Bacia;DOCE;6;75,6594441818213;679,3372
202103-prevs-ECMWF_ENS_EXT-02-2021-Diaria-IA+SMAP.rv3;Bacia;DOCE;M;90,3487343713695;1067,72670322581
202103-prevs-ECMWF_ENS_EXT-02-2021-Diaria-IA+SMAP.rv3;Bacia;AMAZONAS (SE);1;115,792513331147;18044,3288
202103-prevs-ECMWF_ENS_EXT-02-2021-Diaria-IA+SMAP.rv3;Bacia;AMAZONAS (SE);2;119,509267615136;19223,844
202103-prevs-ECMWF_ENS_EXT-02-2021-Diaria-IA+SMAP.rv3;Bacia;AMAZONAS (SE);3;120,511294188353;19385,0265
202103-prevs-ECMWF_ENS_EXT-02-2021-Diaria-IA+SMAP.rv3;Bacia;AMAZONAS (SE);4;124,668129927285;20053,6806
202103-prevs-ECMWF_ENS_EXT-02-2021-Diaria-IA+SMAP.rv3;Bacia;AMAZONAS (SE);5;127,709627692691;20073,5931
202103-prevs-ECMWF_ENS_EXT-02-2021-Diaria-IA+SMAP.rv3;Bacia;AMAZONAS (SE);6;135,414059784289;20040,4725
202103-prevs-ECMWF_ENS_EXT-02-2021-Diaria-IA+SMAP.rv3;Bacia;AMAZONAS (SE);M;120,569780634815;19394,4344258064
202103-prevs-ECMWF_ENS_EXT-02-2021-Diaria-IA+SMAP.rv3;Bacia;BAIXO PARANA;1;76,3154996480805;13579,7188
202103-prevs-ECMWF_ENS_EXT-02-2021-Diaria-IA+SMAP.rv3;Bacia;BAIXO PARANA;2;93,3147553273781;16303,6019
202103-prevs-ECMWF_ENS_EXT-02-2021-Diaria-IA+SMAP.rv3;Bacia;BAIXO PARANA;3;88,2892942178183;15425,5723
202103-prevs-ECMWF_ENS_EXT-02-2021-Diaria-IA+SMAP.rv3;Bacia;BAIXO PARANA;4;98,6783384378724;17240,7069
202103-prevs-ECMWF_ENS_EXT-02-2021-Diaria-IA+SMAP.rv3;Bacia;BAIXO PARANA;5;98,0983877490726;16119,238
202103-prevs-ECMWF_ENS_EXT-02-2021-Diaria-IA+SMAP.rv3;Bacia;BAIXO PARANA;6;108,634031359937;15026,1637
202103-prevs-ECMWF_ENS_EXT-02-2021-Diaria-IA+SMAP.rv3;Bacia;BAIXO PARANA;M;90,7063399545034;15847,8694096774
202103-prevs-ECMWF_ENS_EXT-02-2021-Diaria-IA+SMAP.rv3;Bacia;SAO FRANCISCO (SE);1;127,971705340497;925,898
202103-prevs-ECMWF_ENS_EXT-02-2021-Diaria-IA+SMAP.rv3;Bacia;SAO FRANCISCO (SE);2;99,3288498609352;690,0615
202103-prevs-ECMWF_ENS_EXT-02-2021-Diaria-IA+SMAP.rv3;Bacia;SAO FRANCISCO (SE);3;67,0243009878782;465,634
202103-prevs-ECMWF_ENS_EXT-02-2021-Diaria-IA+SMAP.rv3;Bacia;SAO FRANCISCO (SE);4;58,0014390767545;402,95
202103-prevs-ECMWF_ENS_EXT-02-2021-Diaria-IA+SMAP.rv3;Bacia;SAO FRANCISCO (SE);5;63,9247251268674;404,182
202103-prevs-ECMWF_ENS_EXT-02-2021-Diaria-IA+SMAP.rv3;Bacia;SAO FRANCISCO (SE);6;82,22114545886;391,5065
202103-prevs-ECMWF_ENS_EXT-02-2021-Diaria-IA+SMAP.rv3;Bacia;SAO FRANCISCO (SE);M;81,5404572335159;566,481241935484
202103-prevs-ECMWF_ENS_EXT-02-2021-Diaria-IA+SMAP.rv3;Bacia;SAO FRANCISCO (NE);1;65,2008414281452;8787,328
202103-prevs-ECMWF_ENS_EXT-02-2021-Diaria-IA+SMAP.rv3;Bacia;SAO FRANCISCO (NE);2;77,2886908071555;10397,4112
202103-prevs-ECMWF_ENS_EXT-02-2021-Diaria-IA+SMAP.rv3;Bacia;SAO FRANCISCO (NE);3;76,4205108087868;10280,6176
202103-prevs-ECMWF_ENS_EXT-02-2021-Diaria-IA+SMAP.rv3;Bacia;SAO FRANCISCO (NE);4;80,2032950873932;10789,504
202103-prevs-ECMWF_ENS_EXT-02-2021-Diaria-IA+SMAP.rv3;Bacia;SAO FRANCISCO (NE);5;76,3084474202811;9730,0192
202103-prevs-ECMWF_ENS_EXT-02-2021-Diaria-IA+SMAP.rv3;Bacia;SAO FRANCISCO (NE);6;79,9865320122506;8795,6704
202103-prevs-ECMWF_ENS_EXT-02-2021-Diaria-IA+SMAP.rv3;Bacia;SAO FRANCISCO (NE);M;75,0202204888373;10092,2408258065
202103-prevs-ECMWF_ENS_EXT-02-2021-Diaria-IA+SMAP.rv3;Bacia;JEQUITINHONHA (NE);1;83,9559671500961;307,1211
202103-prevs-ECMWF_ENS_EXT-02-2021-Diaria-IA+SMAP.rv3;Bacia;JEQUITINHONHA (NE);2;94,8764629388817;326,4504
202103-prevs-ECMWF_ENS_EXT-02-2021-Diaria-IA+SMAP.rv3;Bacia;JEQUITINHONHA (NE);3;90,2990897269181;310,7006
202103-prevs-ECMWF_ENS_EXT-02-2021-Diaria-IA+SMAP.rv3;Bacia;JEQUITINHONHA (NE);4;80,1040312093628;275,6215
202103-prevs-ECMWF_ENS_EXT-02-2021-Diaria-IA+SMAP.rv3;Bacia;JEQUITINHONHA (NE);5;88,1556263277511;276,3374
202103-prevs-ECMWF_ENS_EXT-02-2021-Diaria-IA+SMAP.rv3;Bacia;JEQUITINHONHA (NE);6;104,546078835325;247,7014
202103-prevs-ECMWF_ENS_EXT-02-2021-Diaria-IA+SMAP.rv3;Bacia;JEQUITINHONHA (NE);M;87,2519820462268;300,216129032258
202103-prevs-ECMWF_ENS_EXT-02-2021-Diaria-IA+SMAP.rv3;Bacia;PARNAIBA;1;110,683396272384;311,3194
202103-prevs-ECMWF_ENS_EXT-02-2021-Diaria-IA+SMAP.rv3;Bacia;PARNAIBA;2;89,1633442249468;254,7844
202103-prevs-ECMWF_ENS_EXT-02-2021-Diaria-IA+SMAP.rv3;Bacia;PARNAIBA;3;74,1269222698522;211,8178
202103-prevs-ECMWF_ENS_EXT-02-2021-Diaria-IA+SMAP.rv3;Bacia;PARNAIBA;4;76,3691957192961;218,2251
202103-prevs-ECMWF_ENS_EXT-02-2021-Diaria-IA+SMAP.rv3;Bacia;PARNAIBA;5;84,3581311658497;232,9242
202103-prevs-ECMWF_ENS_EXT-02-2021-Diaria-IA+SMAP.rv3;Bacia;PARNAIBA;6;95,7123192223374;241,216
202103-prevs-ECMWF_ENS_EXT-02-2021-Diaria-IA+SMAP.rv3;Bacia;PARNAIBA;M;84,8362244942362;242,419648387097
202103-prevs-ECMWF_ENS_EXT-02-2021-Diaria-IA+SMAP.rv3;Bacia;TOCANTINS (SE);1;111,060611531257;5479,3032
202103-prevs-ECMWF_ENS_EXT-02-2021-Diaria-IA+SMAP.rv3;Bacia;TOCANTINS (SE);2;99,2134815047858;4832,1209
202103-prevs-ECMWF_ENS_EXT-02-2021-Diaria-IA+SMAP.rv3;Bacia;TOCANTINS (SE);3;95,8760395075055;4669,5732
202103-prevs-ECMWF_ENS_EXT-02-2021-Diaria-IA+SMAP.rv3;Bacia;TOCANTINS (SE);4;69,6540057397876;3392,448
202103-prevs-ECMWF_ENS_EXT-02-2021-Diaria-IA+SMAP.rv3;Bacia;TOCANTINS (SE);5;72,7006415973176;3261,627
202103-prevs-ECMWF_ENS_EXT-02-2021-Diaria-IA+SMAP.rv3;Bacia;TOCANTINS (SE);6;88,1716651677308;3109,1626
202103-prevs-ECMWF_ENS_EXT-02-2021-Diaria-IA+SMAP.rv3;Bacia;TOCANTINS (SE);M;88,7274830647621;4321,40792580645
202103-prevs-ECMWF_ENS_EXT-02-2021-Diaria-IA+SMAP.rv3;Bacia;ITABAPOANA;1;138,431983761644;104,5878
202103-prevs-ECMWF_ENS_EXT-02-2021-Diaria-IA+SMAP.rv3;Bacia;ITABAPOANA;2;136,973717785149;102,9009
202103-prevs-ECMWF_ENS_EXT-02-2021-Diaria-IA+SMAP.rv3;Bacia;ITABAPOANA;3;112,273539168155;84,345
202103-prevs-ECMWF_ENS_EXT-02-2021-Diaria-IA+SMAP.rv3;Bacia;ITABAPOANA;4;101,04618525134;75,9105
202103-prevs-ECMWF_ENS_EXT-02-2021-Diaria-IA+SMAP.rv3;Bacia;ITABAPOANA;5;96,9334100940319;69,1629
202103-prevs-ECMWF_ENS_EXT-02-2021-Diaria-IA+SMAP.rv3;Bacia;ITABAPOANA;6;117,151702786378;72,5367
202103-prevs-ECMWF_ENS_EXT-02-2021-Diaria-IA+SMAP.rv3;Bacia;ITABAPOANA;M;116,402308027887;87,4467193548387
202103-prevs-ECMWF_ENS_EXT-02-2021-Diaria-IA+SMAP.rv3;Bacia;ARAGUARI;1;137,699360400675;924,7681
202103-prevs-ECMWF_ENS_EXT-02-2021-Diaria-IA+SMAP.rv3;Bacia;ARAGUARI;2;119,025387424645;885,9326
202103-prevs-ECMWF_ENS_EXT-02-2021-Diaria-IA+SMAP.rv3;Bacia;ARAGUARI;3;125,770985991855;936,1416
202103-prevs-ECMWF_ENS_EXT-02-2021-Diaria-IA+SMAP.rv3;Bacia;ARAGUARI;4;119,002829994714;885,7647
202103-prevs-ECMWF_ENS_EXT-02-2021-Diaria-IA+SMAP.rv3;Bacia;ARAGUARI;5;119,65734533874;950,5897
202103-prevs-ECMWF_ENS_EXT-02-2021-Diaria-IA+SMAP.rv3;Bacia;ARAGUARI;6;114,097514156618;1049,3399
202103-prevs-ECMWF_ENS_EXT-02-2021-Diaria-IA+SMAP.rv3;Bacia;ARAGUARI;M;122,786117815878;913,924558064516
202103-prevs-ECMWF_ENS_EXT-02-2021-Diaria-IA+SMAP.rv3;Bacia;TIETE;1;59,294991968549;852,29535
202103-prevs-ECMWF_ENS_EXT-02-2021-Diaria-IA+SMAP.rv3;Bacia;TIETE;2;79,4460459135865;1094,6021
202103-prevs-ECMWF_ENS_EXT-02-2021-Diaria-IA+SMAP.rv3;Bacia;TIETE;3;75,2174355317917;1036,3406
202103-prevs-ECMWF_ENS_EXT-02-2021-Diaria-IA+SMAP.rv3;Bacia;TIETE;4;155,010775982541;2135,7277
202103-prevs-ECMWF_ENS_EXT-02-2021-Diaria-IA+SMAP.rv3;Bacia;TIETE;5;134,617227537159;1682,32385
202103-prevs-ECMWF_ENS_EXT-02-2021-Diaria-IA+SMAP.rv3;Bacia;TIETE;6;182,479414773905;1696,14525
202103-prevs-ECMWF_ENS_EXT-02-2021-Diaria-IA+SMAP.rv3;Bacia;TIETE;M;99,5977770740759;1372,2512516129
202103-prevs-ECMWF_ENS_EXT-02-2021-Diaria-IA+SMAP.rv3;Bacia;PARAGUAI;1;100,691467298085;698,5984
202103-prevs-ECMWF_ENS_EXT-02-2021-Diaria-IA+SMAP.rv3;Bacia;PARAGUAI;2;100,136290016464;693,001
202103-prevs-ECMWF_ENS_EXT-02-2021-Diaria-IA+SMAP.rv3;Bacia;PARAGUAI;3;98,3800494105804;680,8468
202103-prevs-ECMWF_ENS_EXT-02-2021-Diaria-IA+SMAP.rv3;Bacia;PARAGUAI;4;105,920619060751;733,0319
202103-prevs-ECMWF_ENS_EXT-02-2021-Diaria-IA+SMAP.rv3;Bacia;PARAGUAI;5;105,154323608186;689,3104
202103-prevs-ECMWF_ENS_EXT-02-2021-Diaria-IA+SMAP.rv3;Bacia;PARAGUAI;6;112,886140303301;636,8864
202103-prevs-ECMWF_ENS_EXT-02-2021-Diaria-IA+SMAP.rv3;Bacia;PARAGUAI;M;101,090298070557;699,603287096774
202103-prevs-ECMWF_ENS_EXT-02-2021-Diaria-IA+SMAP.rv3;Bacia;PARAGUACU;1;68,0930667602011;96,6368
202103-prevs-ECMWF_ENS_EXT-02-2021-Diaria-IA+SMAP.rv3;Bacia;PARAGUACU;2;96,5589311039785;136,5924
202103-prevs-ECMWF_ENS_EXT-02-2021-Diaria-IA+SMAP.rv3;Bacia;PARAGUACU;3;152,392326640293;215,5744
202103-prevs-ECMWF_ENS_EXT-02-2021-Diaria-IA+SMAP.rv3;Bacia;PARAGUACU;4;181,294319623796;256,4592
202103-prevs-ECMWF_ENS_EXT-02-2021-Diaria-IA+SMAP.rv3;Bacia;PARAGUACU;5;134,216789389588;181,194
202103-prevs-ECMWF_ENS_EXT-02-2021-Diaria-IA+SMAP.rv3;Bacia;PARAGUACU;6;137,597725657427;163,5392
202103-prevs-ECMWF_ENS_EXT-02-2021-Diaria-IA+SMAP.rv3;Bacia;PARAGUACU;M;128,829998049636;182,243096774194
202103-prevs-ECMWF_ENS_EXT-02-2021-Diaria-IA+SMAP.rv3;Bacia;JEQUITINHONHA (SE);1;141,668902602629;440,37
202103-prevs-ECMWF_ENS_EXT-02-2021-Diaria-IA+SMAP.rv3;Bacia;JEQUITINHONHA (SE);2;146,430750457596;440,37
202103-prevs-ECMWF_ENS_EXT-02-2021-Diaria-IA+SMAP.rv3;Bacia;JEQUITINHONHA (SE);3;82,4893227577791;248,0751
202103-prevs-ECMWF_ENS_EXT-02-2021-Diaria-IA+SMAP.rv3;Bacia;JEQUITINHONHA (SE);4;85,9060402684564;258,3504
202103-prevs-ECMWF_ENS_EXT-02-2021-Diaria-IA+SMAP.rv3;Bacia;JEQUITINHONHA (SE);5;74,2899201021557;199,6344
202103-prevs-ECMWF_ENS_EXT-02-2021-Diaria-IA+SMAP.rv3;Bacia;JEQUITINHONHA (SE);6;91,018387553041;171,7443
202103-prevs-ECMWF_ENS_EXT-02-2021-Diaria-IA+SMAP.rv3;Bacia;JEQUITINHONHA (SE);M;105,414395087485;317,019048387097
202103-prevs-ECMWF_ENS_EXT-02-2021-Diaria-IA+SMAP.rv3;Bacia;AMAZONAS (N);1;107,762978349724;542,7308
202103-prevs-ECMWF_ENS_EXT-02-2021-Diaria-IA+SMAP.rv3;Bacia;AMAZONAS (N);2;105,266762757855;568,5036
202103-prevs-ECMWF_ENS_EXT-02-2021-Diaria-IA+SMAP.rv3;Bacia;AMAZONAS (N);3;104,832051739444;566,1559
202103-prevs-ECMWF_ENS_EXT-02-2021-Diaria-IA+SMAP.rv3;Bacia;AMAZONAS (N);4;110,934763396858;599,1142
202103-prevs-ECMWF_ENS_EXT-02-2021-Diaria-IA+SMAP.rv3;Bacia;AMAZONAS (N);5;116,67453391664;689,7376
202103-prevs-ECMWF_ENS_EXT-02-2021-Diaria-IA+SMAP.rv3;Bacia;AMAZONAS (N);6;102,811319779399;739,1347
202103-prevs-ECMWF_ENS_EXT-02-2021-Diaria-IA+SMAP.rv3;Bacia;AMAZONAS (N);M;109,29944726101;590,282512903226
202103-prevs-ECMWF_ENS_EXT-02-2021-Diaria-IA+SMAP.rv3;Bacia;TOCANTINS (N);1;112,671444926013;16110,7161
202103-prevs-ECMWF_ENS_EXT-02-2021-Diaria-IA+SMAP.rv3;Bacia;TOCANTINS (N);2;89,8181779184099;13359,4985
202103-prevs-ECMWF_ENS_EXT-02-2021-Diaria-IA+SMAP.rv3;Bacia;TOCANTINS (N);3;89,7567563830262;13350,3627
202103-prevs-ECMWF_ENS_EXT-02-2021-Diaria-IA+SMAP.rv3;Bacia;TOCANTINS (N);4;82,3788183337612;12252,9729
202103-prevs-ECMWF_ENS_EXT-02-2021-Diaria-IA+SMAP.rv3;Bacia;TOCANTINS (N);5;83,516667174986;12349,2408
202103-prevs-ECMWF_ENS_EXT-02-2021-Diaria-IA+SMAP.rv3;Bacia;TOCANTINS (N);6;83,9561230128657;12230,8237
202103-prevs-ECMWF_ENS_EXT-02-2021-Diaria-IA+SMAP.rv3;Bacia;TOCANTINS (N);M;90,0123191430533;13388,3749419355
202103-prevs-ECMWF_ENS_EXT-02-2021-Diaria-IA+SMAP.rv3;Bacia;MUCURI;1;25,3713720859991;13,392
202103-prevs-ECMWF_ENS_EXT-02-2021-Diaria-IA+SMAP.rv3;Bacia;MUCURI;2;55,447848003102;29,016
202103-prevs-ECMWF_ENS_EXT-02-2021-Diaria-IA+SMAP.rv3;Bacia;MUCURI;3;34,9747964327259;18,3024
202103-prevs-ECMWF_ENS_EXT-02-2021-Diaria-IA+SMAP.rv3;Bacia;MUCURI;4;29,8565335401318;15,624
202103-prevs-ECMWF_ENS_EXT-02-2021-Diaria-IA+SMAP.rv3;Bacia;MUCURI;5;31,7707736389685;16,0704
202103-prevs-ECMWF_ENS_EXT-02-2021-Diaria-IA+SMAP.rv3;Bacia;MUCURI;6;33,8090010976948;15,624
202103-prevs-ECMWF_ENS_EXT-02-2021-Diaria-IA+SMAP.rv3;Bacia;MUCURI;M;36,2406033846577;18,9648
202103-prevs-ECMWF_ENS_EXT-02-2021-Diaria-IA+SMAP.rv3;Bacia;XINGU;1;89,0392909101208;9008,54352857143
202103-prevs-ECMWF_ENS_EXT-02-2021-Diaria-IA+SMAP.rv3;Bacia;XINGU;2;107,257745738753;11323,1814
202103-prevs-ECMWF_ENS_EXT-02-2021-Diaria-IA+SMAP.rv3;Bacia;XINGU;3;110,034335557203;11616,3055
202103-prevs-ECMWF_ENS_EXT-02-2021-Diaria-IA+SMAP.rv3;Bacia;XINGU;4;110,946493935833;11712,6019
202103-prevs-ECMWF_ENS_EXT-02-2021-Diaria-IA+SMAP.rv3;Bacia;XINGU;5;109,0827896885;11588,2172285714
202103-prevs-ECMWF_ENS_EXT-02-2021-Diaria-IA+SMAP.rv3;Bacia;XINGU;6;104,824313171208;11309,6784
202103-prevs-ECMWF_ENS_EXT-02-2021-Diaria-IA+SMAP.rv3;Bacia;XINGU;M;105,586264316845;11146,7233995392
202104-prevs-ECMWF_ENS_EXT-02-2021-Diaria-IA+SMAP.rv0;Submercado;SIN;1;94,9197452733698;106417,679825714
202104-prevs-ECMWF_ENS_EXT-02-2021-Diaria-IA+SMAP.rv0;Submercado;SIN;2;100,946625806349;100884,72219
202104-prevs-ECMWF_ENS_EXT-02-2021-Diaria-IA+SMAP.rv0;Submercado;SIN;3;95,7296322333337;95670,92784
202104-prevs-ECMWF_ENS_EXT-02-2021-Diaria-IA+SMAP.rv0;Submercado;SIN;4;90,0948119559638;90039,56301
202104-prevs-ECMWF_ENS_EXT-02-2021-Diaria-IA+SMAP.rv0;Submercado;SIN;5;82,6053154233241;82554,65927
202104-prevs-ECMWF_ENS_EXT-02-2021-Diaria-IA+SMAP.rv0;Submercado;SIN;6;105,829712173732;80414,27428
202104-prevs-ECMWF_ENS_EXT-02-2021-Diaria-IA+SMAP.rv0;Submercado;SIN;M;93,2866884981631;93229,4821940476
202104-prevs-ECMWF_ENS_EXT-02-2021-Diaria-IA+SMAP.rv0;Submercado;SUDESTE;1;102,268218496825;66363,82124
202104-prevs-ECMWF_ENS_EXT-02-2021-Diaria-IA+SMAP.rv0;Submercado;SUDESTE;2;115,634074549417;63304,11769
202104-prevs-ECMWF_ENS_EXT-02-2021-Diaria-IA+SMAP.rv0;Submercado;SUDESTE;3;105,914853475524;57983,30964
202104-prevs-ECMWF_ENS_EXT-02-2021-Diaria-IA+SMAP.rv0;Submercado;SUDESTE;4;98,3650154508468;53850,13491
202104-prevs-ECMWF_ENS_EXT-02-2021-Diaria-IA+SMAP.rv0;Submercado;SUDESTE;5;89,683323511107;49097,32437
202104-prevs-ECMWF_ENS_EXT-02-2021-Diaria-IA+SMAP.rv0;Submercado;SUDESTE;6;115,748039111332;46265,46208
202104-prevs-ECMWF_ENS_EXT-02-2021-Diaria-IA+SMAP.rv0;Submercado;SUDESTE;M;103,65423316967;56745,7282916667
202104-prevs-ECMWF_ENS_EXT-02-2021-Diaria-IA+SMAP.rv0;Submercado;SUL;1;48,2452845592041;3353,2561
202104-prevs-ECMWF_ENS_EXT-02-2021-Diaria-IA+SMAP.rv0;Submercado;SUL;2;64,633963276241;4261,5256
202104-prevs-ECMWF_ENS_EXT-02-2021-Diaria-IA+SMAP.rv0;Submercado;SUL;3;63,340732119005;4176,2587
202104-prevs-ECMWF_ENS_EXT-02-2021-Diaria-IA+SMAP.rv0;Submercado;SUL;4;68,9258419592193;4544,503
202104-prevs-ECMWF_ENS_EXT-02-2021-Diaria-IA+SMAP.rv0;Submercado;SUL;5;65,4466825167285;4315,1108
202104-prevs-ECMWF_ENS_EXT-02-2021-Diaria-IA+SMAP.rv0;Submercado;SUL;6;53,5229657538865;4588,8206
202104-prevs-ECMWF_ENS_EXT-02-2021-Diaria-IA+SMAP.rv0;Submercado;SUL;M;64,6049090826057;4259,60996333333
202104-prevs-ECMWF_ENS_EXT-02-2021-Diaria-IA+SMAP.rv0;Submercado;NORDESTE;1;76,9552256088168;10370,0914
202104-prevs-ECMWF_ENS_EXT-02-2021-Diaria-IA+SMAP.rv0;Submercado;NORDESTE;2;80,1479518651298;9300,5644
202104-prevs-ECMWF_ENS_EXT-02-2021-Diaria-IA+SMAP.rv0;Submercado;NORDESTE;3;85,0280101375844;9866,8583
202104-prevs-ECMWF_ENS_EXT-02-2021-Diaria-IA+SMAP.rv0;Submercado;NORDESTE;4;76,5667502163648;8884,993
202104-prevs-ECMWF_ENS_EXT-02-2021-Diaria-IA+SMAP.rv0;Submercado;NORDESTE;5;65,0514423039674;7548,7285
202104-prevs-ECMWF_ENS_EXT-02-2021-Diaria-IA+SMAP.rv0;Submercado;NORDESTE;6;96,9888215421071;6809,6068
202104-prevs-ECMWF_ENS_EXT-02-2021-Diaria-IA+SMAP.rv0;Submercado;NORDESTE;M;77,5429453669299;8998,27307333333
202104-prevs-ECMWF_ENS_EXT-02-2021-Diaria-IA+SMAP.rv0;Submercado;NORTE;1;98,2647784155933;26330,5110857143
202104-prevs-ECMWF_ENS_EXT-02-2021-Diaria-IA+SMAP.rv0;Submercado;NORTE;2;88,9709742331224;24018,5145
202104-prevs-ECMWF_ENS_EXT-02-2021-Diaria-IA+SMAP.rv0;Submercado;NORTE;3;87,5855293640343;23644,5012
202104-prevs-ECMWF_ENS_EXT-02-2021-Diaria-IA+SMAP.rv0;Submercado;NORTE;4;84,3088498423463;22759,9321
202104-prevs-ECMWF_ENS_EXT-02-2021-Diaria-IA+SMAP.rv0;Submercado;NORTE;5;79,9880584051375;21593,4956
202104-prevs-ECMWF_ENS_EXT-02-2021-Diaria-IA+SMAP.rv0;Submercado;NORTE;6;111,416763384117;22750,3848
202104-prevs-ECMWF_ENS_EXT-02-2021-Diaria-IA+SMAP.rv0;Submercado;NORTE;M;86,0348111177023;23225,8708657143
202104-prevs-ECMWF_ENS_EXT-02-2021-Diaria-IA+SMAP.rv0;REE;SIN;1;94,9197495116608;106417,679825714
202104-prevs-ECMWF_ENS_EXT-02-2021-Diaria-IA+SMAP.rv0;REE;SIN;2;100,946614007862;100884,72219
202104-prevs-ECMWF_ENS_EXT-02-2021-Diaria-IA+SMAP.rv0;REE;SIN;3;95,7296210446;95670,92784
202104-prevs-ECMWF_ENS_EXT-02-2021-Diaria-IA+SMAP.rv0;REE;SIN;4;90,0948014258193;90039,56301
202104-prevs-ECMWF_ENS_EXT-02-2021-Diaria-IA+SMAP.rv0;REE;SIN;5;82,6053057685405;82554,65927
202104-prevs-ECMWF_ENS_EXT-02-2021-Diaria-IA+SMAP.rv0;REE;SIN;6;105,829695905131;80414,27428
202104-prevs-ECMWF_ENS_EXT-02-2021-Diaria-IA+SMAP.rv0;REE;SIN;M;93,2866775949569;93229,4821940476
202104-prevs-ECMWF_ENS_EXT-02-2021-Diaria-IA+SMAP.rv0;REE;PARANA;1;101,737942229534;34013,80016
202104-prevs-ECMWF_ENS_EXT-02-2021-Diaria-IA+SMAP.rv0;REE;PARANA;2;117,620718873485;31392,98351
202104-prevs-ECMWF_ENS_EXT-02-2021-Diaria-IA+SMAP.rv0;REE;PARANA;3;103,434478316882;27606,67426
202104-prevs-ECMWF_ENS_EXT-02-2021-Diaria-IA+SMAP.rv0;REE;PARANA;4;94,3761271766269;25188,99929
202104-prevs-ECMWF_ENS_EXT-02-2021-Diaria-IA+SMAP.rv0;REE;PARANA;5;84,2957581590481;22498,54763
202104-prevs-ECMWF_ENS_EXT-02-2021-Diaria-IA+SMAP.rv0;REE;PARANA;6;111,450823917558;20742,70632
202104-prevs-ECMWF_ENS_EXT-02-2021-Diaria-IA+SMAP.rv0;REE;PARANA;M;101,765664923215;27161,2677716667
202104-prevs-ECMWF_ENS_EXT-02-2021-Diaria-IA+SMAP.rv0;REE;PRNPANEMA;1;62,2348887480679;1827,9935
202104-prevs-ECMWF_ENS_EXT-02-2021-Diaria-IA+SMAP.rv0;REE;PRNPANEMA;2;78,8039876919282;1876,2193
202104-prevs-ECMWF_ENS_EXT-02-2021-Diaria-IA+SMAP.rv0;REE;PRNPANEMA;3;75,5935835556813;1799,7838
202104-prevs-ECMWF_ENS_EXT-02-2021-Diaria-IA+SMAP.rv0;REE;PRNPANEMA;4;73,3705376144308;1746,856
202104-prevs-ECMWF_ENS_EXT-02-2021-Diaria-IA+SMAP.rv0;REE;PRNPANEMA;5;70,9698506130205;1689,6988
202104-prevs-ECMWF_ENS_EXT-02-2021-Diaria-IA+SMAP.rv0;REE;PRNPANEMA;6;73,6073552520589;1735,5864
202104-prevs-ECMWF_ENS_EXT-02-2021-Diaria-IA+SMAP.rv0;REE;PRNPANEMA;M;74,8240860582047;1781,46307666667
202104-prevs-ECMWF_ENS_EXT-02-2021-Diaria-IA+SMAP.rv0;REE;IGUACU;1;38,5673815759121;1453,895
202104-prevs-ECMWF_ENS_EXT-02-2021-Diaria-IA+SMAP.rv0;REE;IGUACU;2;56,3221475791958;1882,5396
202104-prevs-ECMWF_ENS_EXT-02-2021-Diaria-IA+SMAP.rv0;REE;IGUACU;3;64,6640286312085;2161,3628
202104-prevs-ECMWF_ENS_EXT-02-2021-Diaria-IA+SMAP.rv0;REE;IGUACU;4;58,6628677366961;1960,777
202104-prevs-ECMWF_ENS_EXT-02-2021-Diaria-IA+SMAP.rv0;REE;IGUACU;5;49,9746000481194;1670,376
202104-prevs-ECMWF_ENS_EXT-02-2021-Diaria-IA+SMAP.rv0;REE;IGUACU;6;43,8389219665918;1825,8791
202104-prevs-ECMWF_ENS_EXT-02-2021-Diaria-IA+SMAP.rv0;REE;IGUACU;M;56,4787091850186;1887,77259333333
202104-prevs-ECMWF_ENS_EXT-02-2021-Diaria-IA+SMAP.rv0;REE;SUL;1;59,7155690163121;1899,3611
202104-prevs-ECMWF_ENS_EXT-02-2021-Diaria-IA+SMAP.rv0;REE;SUL;2;73,1799238755058;2378,986
202104-prevs-ECMWF_ENS_EXT-02-2021-Diaria-IA+SMAP.rv0;REE;SUL;3;61,9801581762434;2014,8959
202104-prevs-ECMWF_ENS_EXT-02-2021-Diaria-IA+SMAP.rv0;REE;SUL;4;79,477925467054;2583,726
202104-prevs-ECMWF_ENS_EXT-02-2021-Diaria-IA+SMAP.rv0;REE;SUL;5;81,3546155105162;2644,7348
202104-prevs-ECMWF_ENS_EXT-02-2021-Diaria-IA+SMAP.rv0;REE;SUL;6;62,6718891776036;2762,9415
202104-prevs-ECMWF_ENS_EXT-02-2021-Diaria-IA+SMAP.rv0;REE;SUL;M;72,9600250618036;2371,83737
202104-prevs-ECMWF_ENS_EXT-02-2021-Diaria-IA+SMAP.rv0;REE;SUDESTE;1;87,8253650967732;7970,41668
202104-prevs-ECMWF_ENS_EXT-02-2021-Diaria-IA+SMAP.rv0;REE;SUDESTE;2;103,96636997875;7598,78288
202104-prevs-ECMWF_ENS_EXT-02-2021-Diaria-IA+SMAP.rv0;REE;SUDESTE;3;95,4799597740993;6978,52088
202104-prevs-ECMWF_ENS_EXT-02-2021-Diaria-IA+SMAP.rv0;REE;SUDESTE;4;86,4299922346589;6317,06912
202104-prevs-ECMWF_ENS_EXT-02-2021-Diaria-IA+SMAP.rv0;REE;SUDESTE;5;78,6175482645397;5746,06654
202104-prevs-ECMWF_ENS_EXT-02-2021-Diaria-IA+SMAP.rv0;REE;SUDESTE;6;111,863955387048;5147,33996
202104-prevs-ECMWF_ENS_EXT-02-2021-Diaria-IA+SMAP.rv0;REE;SUDESTE;M;92,3186400558085;6747,46364333333
202104-prevs-ECMWF_ENS_EXT-02-2021-Diaria-IA+SMAP.rv0;REE;MADEIRA;1;129,486084245734;15513,6957
202104-prevs-ECMWF_ENS_EXT-02-2021-Diaria-IA+SMAP.rv0;REE;MADEIRA;2;133,436214982986;15505,4759
202104-prevs-ECMWF_ENS_EXT-02-2021-Diaria-IA+SMAP.rv0;REE;MADEIRA;3;128,96821227745;14986,2877
202104-prevs-ECMWF_ENS_EXT-02-2021-Diaria-IA+SMAP.rv0;REE;MADEIRA;4;121,432104720199;14110,5814
202104-prevs-ECMWF_ENS_EXT-02-2021-Diaria-IA+SMAP.rv0;REE;MADEIRA;5;111,040020551997;12903,0066
202104-prevs-ECMWF_ENS_EXT-02-2021-Diaria-IA+SMAP.rv0;REE;MADEIRA;6;146,537583839139;12969,9779
202104-prevs-ECMWF_ENS_EXT-02-2021-Diaria-IA+SMAP.rv0;REE;MADEIRA;M;124,371659091526;14452,1617533333
202104-prevs-ECMWF_ENS_EXT-02-2021-Diaria-IA+SMAP.rv0;REE;ITAIPU;1;91,5290268730462;3412,628
202104-prevs-ECMWF_ENS_EXT-02-2021-Diaria-IA+SMAP.rv0;REE;ITAIPU;2;95,3228844232628;3399,2653
202104-prevs-ECMWF_ENS_EXT-02-2021-Diaria-IA+SMAP.rv0;REE;ITAIPU;3;90,0768109533402;3212,1875
202104-prevs-ECMWF_ENS_EXT-02-2021-Diaria-IA+SMAP.rv0;REE;ITAIPU;4;92,6710231087964;3304,6985
202104-prevs-ECMWF_ENS_EXT-02-2021-Diaria-IA+SMAP.rv0;REE;ITAIPU;5;93,5934096529586;3337,5913
202104-prevs-ECMWF_ENS_EXT-02-2021-Diaria-IA+SMAP.rv0;REE;ITAIPU;6;90,2610857853294;3154,6251
202104-prevs-ECMWF_ENS_EXT-02-2021-Diaria-IA+SMAP.rv0;REE;ITAIPU;M;93,1014701627388;3320,04847333333
202104-prevs-ECMWF_ENS_EXT-02-2021-Diaria-IA+SMAP.rv0;REE;NORDESTE;1;76,9552256088168;10370,0914
202104-prevs-ECMWF_ENS_EXT-02-2021-Diaria-IA+SMAP.rv0;REE;NORDESTE;2;80,1479518651298;9300,5644
202104-prevs-ECMWF_ENS_EXT-02-2021-Diaria-IA+SMAP.rv0;REE;NORDESTE;3;85,0280101375844;9866,8583
202104-prevs-ECMWF_ENS_EXT-02-2021-Diaria-IA+SMAP.rv0;REE;NORDESTE;4;76,5667502163648;8884,993
202104-prevs-ECMWF_ENS_EXT-02-2021-Diaria-IA+SMAP.rv0;REE;NORDESTE;5;65,0514423039674;7548,7285
202104-prevs-ECMWF_ENS_EXT-02-2021-Diaria-IA+SMAP.rv0;REE;NORDESTE;6;96,9888215421071;6809,6068
202104-prevs-ECMWF_ENS_EXT-02-2021-Diaria-IA+SMAP.rv0;REE;NORDESTE;M;77,5429453669299;8998,27307333333
202104-prevs-ECMWF_ENS_EXT-02-2021-Diaria-IA+SMAP.rv0;REE;MAN;1;123,933579855872;1647,4214
202104-prevs-ECMWF_ENS_EXT-02-2021-Diaria-IA+SMAP.rv0;REE;MAN;2;106,750888150813;1678,2731
202104-prevs-ECMWF_ENS_EXT-02-2021-Diaria-IA+SMAP.rv0;REE;MAN;3;107,5169460239;1690,3166
202104-prevs-ECMWF_ENS_EXT-02-2021-Diaria-IA+SMAP.rv0;REE;MAN;4;115,418317604381;1814,5372
202104-prevs-ECMWF_ENS_EXT-02-2021-Diaria-IA+SMAP.rv0;REE;MAN;5;119,76751759618;1882,9127
202104-prevs-ECMWF_ENS_EXT-02-2021-Diaria-IA+SMAP.rv0;REE;MAN;6;107,067683656909;1869,3088
202104-prevs-ECMWF_ENS_EXT-02-2021-Diaria-IA+SMAP.rv0;REE;MAN;M;111,858421935402;1758,57066666667
202104-prevs-ECMWF_ENS_EXT-02-2021-Diaria-IA+SMAP.rv0;REE;TPIRES;1;97,0060466940827;3625,2872
202104-prevs-ECMWF_ENS_EXT-02-2021-Diaria-IA+SMAP.rv0;REE;TPIRES;2;111,075790064739;3531,3908
202104-prevs-ECMWF_ENS_EXT-02-2021-Diaria-IA+SMAP.rv0;REE;TPIRES;3;106,938500198972;3399,8555
202104-prevs-ECMWF_ENS_EXT-02-2021-Diaria-IA+SMAP.rv0;REE;TPIRES;4;100,083925949563;3181,9306
202104-prevs-ECMWF_ENS_EXT-02-2021-Diaria-IA+SMAP.rv0;REE;TPIRES;5;91,9211174272635;2922,4135
202104-prevs-ECMWF_ENS_EXT-02-2021-Diaria-IA+SMAP.rv0;REE;TPIRES;6;122,452970727776;2515,2264
202104-prevs-ECMWF_ENS_EXT-02-2021-Diaria-IA+SMAP.rv0;REE;TPIRES;M;103,27312399018;3283,32357333333
202104-prevs-ECMWF_ENS_EXT-02-2021-Diaria-IA+SMAP.rv0;REE;NORTE;1;91,4999988250891;13529,7008
202104-prevs-ECMWF_ENS_EXT-02-2021-Diaria-IA+SMAP.rv0;REE;NORTE;2;91,3196376100225;13303,5489
202104-prevs-ECMWF_ENS_EXT-02-2021-Diaria-IA+SMAP.rv0;REE;NORTE;3;88,0044885082624;12820,5942
202104-prevs-ECMWF_ENS_EXT-02-2021-Diaria-IA+SMAP.rv0;REE;NORTE;4;80,7323330260289;11761,1783
202104-prevs-ECMWF_ENS_EXT-02-2021-Diaria-IA+SMAP.rv0;REE;NORTE;5;74,168323430686;10804,9259
202104-prevs-ECMWF_ENS_EXT-02-2021-Diaria-IA+SMAP.rv0;REE;NORTE;6;105,870708815495;9848,3771
202104-prevs-ECMWF_ENS_EXT-02-2021-Diaria-IA+SMAP.rv0;REE;NORTE;M;84,1772501724576;12263,0377566667
202104-prevs-ECMWF_ENS_EXT-02-2021-Diaria-IA+SMAP.rv0;REE;BMONTE;1;104,436041700804;11153,3888857143
202104-prevs-ECMWF_ENS_EXT-02-2021-Diaria-IA+SMAP.rv0;REE;BMONTE;2;83,2441747949056;9036,6925
202104-prevs-ECMWF_ENS_EXT-02-2021-Diaria-IA+SMAP.rv0;REE;BMONTE;3;84,1367785572732;9133,5904
202104-prevs-ECMWF_ENS_EXT-02-2021-Diaria-IA+SMAP.rv0;REE;BMONTE;4;84,6031368229774;9184,2166
202104-prevs-ECMWF_ENS_EXT-02-2021-Diaria-IA+SMAP.rv0;REE;BMONTE;5;82,0371023990774;8905,657
202104-prevs-ECMWF_ENS_EXT-02-2021-Diaria-IA+SMAP.rv0;REE;BMONTE;6;117,732421885338;11032,6989
202104-prevs-ECMWF_ENS_EXT-02-2021-Diaria-IA+SMAP.rv0;REE;BMONTE;M;84,7877950491006;9204,26244238095
202104-prevs-ECMWF_ENS_EXT-02-2021-Diaria-IA+SMAP.rv0;Bacia;SIN;1;94,9197452733698;106417,679825714
202104-prevs-ECMWF_ENS_EXT-02-2021-Diaria-IA+SMAP.rv0;Bacia;SIN;2;100,946625806349;100884,72219
202104-prevs-ECMWF_ENS_EXT-02-2021-Diaria-IA+SMAP.rv0;Bacia;SIN;3;95,7296322333337;95670,92784
202104-prevs-ECMWF_ENS_EXT-02-2021-Diaria-IA+SMAP.rv0;Bacia;SIN;4;90,0948119559638;90039,56301
202104-prevs-ECMWF_ENS_EXT-02-2021-Diaria-IA+SMAP.rv0;Bacia;SIN;5;82,6053154233241;82554,65927
202104-prevs-ECMWF_ENS_EXT-02-2021-Diaria-IA+SMAP.rv0;Bacia;SIN;6;105,829712173732;80414,27428
202104-prevs-ECMWF_ENS_EXT-02-2021-Diaria-IA+SMAP.rv0;Bacia;SIN;M;93,2866884981631;93229,4821940476
202104-prevs-ECMWF_ENS_EXT-02-2021-Diaria-IA+SMAP.rv0;Bacia;GRANDE;1;114,347451091327;8347,9825
202104-prevs-ECMWF_ENS_EXT-02-2021-Diaria-IA+SMAP.rv0;Bacia;GRANDE;2;132,660272881091;7435,1707
202104-prevs-ECMWF_ENS_EXT-02-2021-Diaria-IA+SMAP.rv0;Bacia;GRANDE;3;115,162946977115;6454,5033
202104-prevs-ECMWF_ENS_EXT-02-2021-Diaria-IA+SMAP.rv0;Bacia;GRANDE;4;101,98474234187;5715,9084
202104-prevs-ECMWF_ENS_EXT-02-2021-Diaria-IA+SMAP.rv0;Bacia;GRANDE;5;93,366895295522;5232,9065
202104-prevs-ECMWF_ENS_EXT-02-2021-Diaria-IA+SMAP.rv0;Bacia;GRANDE;6;116,864480984895;4738,0574
202104-prevs-ECMWF_ENS_EXT-02-2021-Diaria-IA+SMAP.rv0;Bacia;GRANDE;M;113,337260169466;6352,17957666667
202104-prevs-ECMWF_ENS_EXT-02-2021-Diaria-IA+SMAP.rv0;Bacia;PARANAIBA;1;89,3202529360944;7621,9896
202104-prevs-ECMWF_ENS_EXT-02-2021-Diaria-IA+SMAP.rv0;Bacia;PARANAIBA;2;107,854672360562;7493,8955
202104-prevs-ECMWF_ENS_EXT-02-2021-Diaria-IA+SMAP.rv0;Bacia;PARANAIBA;3;94,9388837276041;6596,4882
202104-prevs-ECMWF_ENS_EXT-02-2021-Diaria-IA+SMAP.rv0;Bacia;PARANAIBA;4;88,6424433715217;6159,0026
202104-prevs-ECMWF_ENS_EXT-02-2021-Diaria-IA+SMAP.rv0;Bacia;PARANAIBA;5;76,680856632523;5327,8946
202104-prevs-ECMWF_ENS_EXT-02-2021-Diaria-IA+SMAP.rv0;Bacia;PARANAIBA;6;106,296718266803;4855,5232
202104-prevs-ECMWF_ENS_EXT-02-2021-Diaria-IA+SMAP.rv0;Bacia;PARANAIBA;M;93,2071494791648;6476,16485
202104-prevs-ECMWF_ENS_EXT-02-2021-Diaria-IA+SMAP.rv0;Bacia;ALTO PARANA;1;103,323084253928;5053,59876
202104-prevs-ECMWF_ENS_EXT-02-2021-Diaria-IA+SMAP.rv0;Bacia;ALTO PARANA;2;118,558630607517;4693,78646
202104-prevs-ECMWF_ENS_EXT-02-2021-Diaria-IA+SMAP.rv0;Bacia;ALTO PARANA;3;104,870727204971;4151,87656
202104-prevs-ECMWF_ENS_EXT-02-2021-Diaria-IA+SMAP.rv0;Bacia;ALTO PARANA;4;95,5023350004785;3780,97794
202104-prevs-ECMWF_ENS_EXT-02-2021-Diaria-IA+SMAP.rv0;Bacia;ALTO PARANA;5;85,4208072163419;3381,84598
202104-prevs-ECMWF_ENS_EXT-02-2021-Diaria-IA+SMAP.rv0;Bacia;ALTO PARANA;6;113,987359240916;3130,09232
202104-prevs-ECMWF_ENS_EXT-02-2021-Diaria-IA+SMAP.rv0;Bacia;ALTO PARANA;M;102,858716508263;4072,22020333333
202104-prevs-ECMWF_ENS_EXT-02-2021-Diaria-IA+SMAP.rv0;Bacia;PARANAPANEMA (SE);1;65,2032723063085;1103,324
202104-prevs-ECMWF_ENS_EXT-02-2021-Diaria-IA+SMAP.rv0;Bacia;PARANAPANEMA (SE);2;83,5412120304311;1139,215
202104-prevs-ECMWF_ENS_EXT-02-2021-Diaria-IA+SMAP.rv0;Bacia;PARANAPANEMA (SE);3;80,5742620714337;1098,756
202104-prevs-ECMWF_ENS_EXT-02-2021-Diaria-IA+SMAP.rv0;Bacia;PARANAPANEMA (SE);4;76,617568581662;1044,8003
202104-prevs-ECMWF_ENS_EXT-02-2021-Diaria-IA+SMAP.rv0;Bacia;PARANAPANEMA (SE);5;74,913583492504;1021,5638
202104-prevs-ECMWF_ENS_EXT-02-2021-Diaria-IA+SMAP.rv0;Bacia;PARANAPANEMA (SE);6;78,0720083221197;1036,6144
202104-prevs-ECMWF_ENS_EXT-02-2021-Diaria-IA+SMAP.rv0;Bacia;PARANAPANEMA (SE);M;79,0448290304703;1077,89979
202104-prevs-ECMWF_ENS_EXT-02-2021-Diaria-IA+SMAP.rv0;Bacia;PARANAPANEMA (S);1;52,7159154464532;132,334
202104-prevs-ECMWF_ENS_EXT-02-2021-Diaria-IA+SMAP.rv0;Bacia;PARANAPANEMA (S);2;64,7890615870048;131,292
202104-prevs-ECMWF_ENS_EXT-02-2021-Diaria-IA+SMAP.rv0;Bacia;PARANAPANEMA (S);3;66,3316582914573;134,418
202104-prevs-ECMWF_ENS_EXT-02-2021-Diaria-IA+SMAP.rv0;Bacia;PARANAPANEMA (S);4;65,8174593899731;133,376
202104-prevs-ECMWF_ENS_EXT-02-2021-Diaria-IA+SMAP.rv0;Bacia;PARANAPANEMA (S);5;67,3600560944256;136,502
202104-prevs-ECMWF_ENS_EXT-02-2021-Diaria-IA+SMAP.rv0;Bacia;PARANAPANEMA (S);6;58,5851812826285;144,838
202104-prevs-ECMWF_ENS_EXT-02-2021-Diaria-IA+SMAP.rv0;Bacia;PARANAPANEMA (S);M;66,0231389505668;133,7928
202104-prevs-ECMWF_ENS_EXT-02-2021-Diaria-IA+SMAP.rv0;Bacia;IGUACU;1;37,5579977448984;1321,561
202104-prevs-ECMWF_ENS_EXT-02-2021-Diaria-IA+SMAP.rv0;Bacia;IGUACU;2;55,775686675376;1751,2476
202104-prevs-ECMWF_ENS_EXT-02-2021-Diaria-IA+SMAP.rv0;Bacia;IGUACU;3;64,5563985772673;2026,9448
202104-prevs-ECMWF_ENS_EXT-02-2021-Diaria-IA+SMAP.rv0;Bacia;IGUACU;4;58,2011050900335;1827,401
202104-prevs-ECMWF_ENS_EXT-02-2021-Diaria-IA+SMAP.rv0;Bacia;IGUACU;5;48,8525298327351;1533,874
202104-prevs-ECMWF_ENS_EXT-02-2021-Diaria-IA+SMAP.rv0;Bacia;IGUACU;6;42,90837070923;1681,0411
202104-prevs-ECMWF_ENS_EXT-02-2021-Diaria-IA+SMAP.rv0;Bacia;IGUACU;M;55,8627046157841;1753,97979333333
202104-prevs-ECMWF_ENS_EXT-02-2021-Diaria-IA+SMAP.rv0;Bacia;URUGUAI;1;60,7373418740908;1434,9005
202104-prevs-ECMWF_ENS_EXT-02-2021-Diaria-IA+SMAP.rv0;Bacia;URUGUAI;2;74,2329579484215;1789,3042
202104-prevs-ECMWF_ENS_EXT-02-2021-Diaria-IA+SMAP.rv0;Bacia;URUGUAI;3;61,6822449293015;1486,783
202104-prevs-ECMWF_ENS_EXT-02-2021-Diaria-IA+SMAP.rv0;Bacia;URUGUAI;4;82,5813478132703;1990,533
202104-prevs-ECMWF_ENS_EXT-02-2021-Diaria-IA+SMAP.rv0;Bacia;URUGUAI;5;80,0508823617267;1929,5389
202104-prevs-ECMWF_ENS_EXT-02-2021-Diaria-IA+SMAP.rv0;Bacia;URUGUAI;6;62,0704914555831;2070,1626
202104-prevs-ECMWF_ENS_EXT-02-2021-Diaria-IA+SMAP.rv0;Bacia;URUGUAI;M;73,6297205728814;1774,76382333333
202104-prevs-ECMWF_ENS_EXT-02-2021-Diaria-IA+SMAP.rv0;Bacia;JACUI;1;56,8072278443345;285,2295
202104-prevs-ECMWF_ENS_EXT-02-2021-Diaria-IA+SMAP.rv0;Bacia;JACUI;2;71,8790106229378;422,9317
202104-prevs-ECMWF_ENS_EXT-02-2021-Diaria-IA+SMAP.rv0;Bacia;JACUI;3;61,5904603868526;362,3945
202104-prevs-ECMWF_ENS_EXT-02-2021-Diaria-IA+SMAP.rv0;Bacia;JACUI;4;73,8632086887762;434,6066
202104-prevs-ECMWF_ENS_EXT-02-2021-Diaria-IA+SMAP.rv0;Bacia;JACUI;5;91,8708568779825;540,5625
202104-prevs-ECMWF_ENS_EXT-02-2021-Diaria-IA+SMAP.rv0;Bacia;JACUI;6;62,7475639764913;500,7864
202104-prevs-ECMWF_ENS_EXT-02-2021-Diaria-IA+SMAP.rv0;Bacia;JACUI;M;73,0458882693726;429,797536666667
202104-prevs-ECMWF_ENS_EXT-02-2021-Diaria-IA+SMAP.rv0;Bacia;ITAJAI-ACU;1;55,6840818922946;96,282
202104-prevs-ECMWF_ENS_EXT-02-2021-Diaria-IA+SMAP.rv0;Bacia;ITAJAI-ACU;2;61,5842763549732;83,801
202104-prevs-ECMWF_ENS_EXT-02-2021-Diaria-IA+SMAP.rv0;Bacia;ITAJAI-ACU;3;65,5151876116736;89,15
202104-prevs-ECMWF_ENS_EXT-02-2021-Diaria-IA+SMAP.rv0;Bacia;ITAJAI-ACU;4;60,2739726027397;82,018
202104-prevs-ECMWF_ENS_EXT-02-2021-Diaria-IA+SMAP.rv0;Bacia;ITAJAI-ACU;5;72,066706372841;98,065
202104-prevs-ECMWF_ENS_EXT-02-2021-Diaria-IA+SMAP.rv0;Bacia;ITAJAI-ACU;6;58,37120746837;96,282
202104-prevs-ECMWF_ENS_EXT-02-2021-Diaria-IA+SMAP.rv0;Bacia;ITAJAI-ACU;M;65,2531268612269;88,7934
202104-prevs-ECMWF_ENS_EXT-02-2021-Diaria-IA+SMAP.rv0;Bacia;CAPIVARI;1;57,9240506329114;82,9491
202104-prevs-ECMWF_ENS_EXT-02-2021-Diaria-IA+SMAP.rv0;Bacia;CAPIVARI;2;71,5;82,9491
202104-prevs-ECMWF_ENS_EXT-02-2021-Diaria-IA+SMAP.rv0;Bacia;CAPIVARI;3;66;76,5684
202104-prevs-ECMWF_ENS_EXT-02-2021-Diaria-IA+SMAP.rv0;Bacia;CAPIVARI;4;66;76,5684
202104-prevs-ECMWF_ENS_EXT-02-2021-Diaria-IA+SMAP.rv0;Bacia;CAPIVARI;5;66;76,5684
202104-prevs-ECMWF_ENS_EXT-02-2021-Diaria-IA+SMAP.rv0;Bacia;CAPIVARI;6;86,7279894875164;95,7105
202104-prevs-ECMWF_ENS_EXT-02-2021-Diaria-IA+SMAP.rv0;Bacia;CAPIVARI;M;67,65;78,48261
202104-prevs-ECMWF_ENS_EXT-02-2021-Diaria-IA+SMAP.rv0;Bacia;ALTO TIETE;1;133,768446310738;402,77568
202104-prevs-ECMWF_ENS_EXT-02-2021-Diaria-IA+SMAP.rv0;Bacia;ALTO TIETE;2;147,230769230769;338,79888
202104-prevs-ECMWF_ENS_EXT-02-2021-Diaria-IA+SMAP.rv0;Bacia;ALTO TIETE;3;131,516483516484;302,63808
202104-prevs-ECMWF_ENS_EXT-02-2021-Diaria-IA+SMAP.rv0;Bacia;ALTO TIETE;4;128,373626373626;295,40592
202104-prevs-ECMWF_ENS_EXT-02-2021-Diaria-IA+SMAP.rv0;Bacia;ALTO TIETE;5;127,406593406593;293,18064
202104-prevs-ECMWF_ENS_EXT-02-2021-Diaria-IA+SMAP.rv0;Bacia;ALTO TIETE;6;124,818246614398;221,41536
202104-prevs-ECMWF_ENS_EXT-02-2021-Diaria-IA+SMAP.rv0;Bacia;ALTO TIETE;M;136,391941391941;313,8572
202104-prevs-ECMWF_ENS_EXT-02-2021-Diaria-IA+SMAP.rv0;Bacia;PARAIBA DO SUL;1;118,209323881671;1783,4173
202104-prevs-ECMWF_ENS_EXT-02-2021-Diaria-IA+SMAP.rv0;Bacia;PARAIBA DO SUL;2;123,03595721346;1620,9418
202104-prevs-ECMWF_ENS_EXT-02-2021-Diaria-IA+SMAP.rv0;Bacia;PARAIBA DO SUL;3;114,357587876532;1506,6083
202104-prevs-ECMWF_ENS_EXT-02-2021-Diaria-IA+SMAP.rv0;Bacia;PARAIBA DO SUL;4;107,451796929038;1415,6277
202104-prevs-ECMWF_ENS_EXT-02-2021-Diaria-IA+SMAP.rv0;Bacia;PARAIBA DO SUL;5;103,248453844045;1360,2506
202104-prevs-ECMWF_ENS_EXT-02-2021-Diaria-IA+SMAP.rv0;Bacia;PARAIBA DO SUL;6;122,191814135831;1265,8793
202104-prevs-ECMWF_ENS_EXT-02-2021-Diaria-IA+SMAP.rv0;Bacia;PARAIBA DO SUL;M;113,579785477779;1496,36111333333
202104-prevs-ECMWF_ENS_EXT-02-2021-Diaria-IA+SMAP.rv0;Bacia;DOCE;1;74,1203935816595;815,8215
202104-prevs-ECMWF_ENS_EXT-02-2021-Diaria-IA+SMAP.rv0;Bacia;DOCE;2;90,6015499189183;813,5006
202104-prevs-ECMWF_ENS_EXT-02-2021-Diaria-IA+SMAP.rv0;Bacia;DOCE;3;83,7610878276119;752,0809
202104-prevs-ECMWF_ENS_EXT-02-2021-Diaria-IA+SMAP.rv0;Bacia;DOCE;4;81,6710057223149;733,3143
202104-prevs-ECMWF_ENS_EXT-02-2021-Diaria-IA+SMAP.rv0;Bacia;DOCE;5;77,1159395911359;692,4149
202104-prevs-ECMWF_ENS_EXT-02-2021-Diaria-IA+SMAP.rv0;Bacia;DOCE;6;91,4011139680181;602,7899
202104-prevs-ECMWF_ENS_EXT-02-2021-Diaria-IA+SMAP.rv0;Bacia;DOCE;M;83,7922383289233;752,360596666667
202104-prevs-ECMWF_ENS_EXT-02-2021-Diaria-IA+SMAP.rv0;Bacia;AMAZONAS (SE);1;121,763571095589;19138,9829
202104-prevs-ECMWF_ENS_EXT-02-2021-Diaria-IA+SMAP.rv0;Bacia;AMAZONAS (SE);2;128,632665992248;19036,8667
202104-prevs-ECMWF_ENS_EXT-02-2021-Diaria-IA+SMAP.rv0;Bacia;AMAZONAS (SE);3;124,235708239279;18386,1432
202104-prevs-ECMWF_ENS_EXT-02-2021-Diaria-IA+SMAP.rv0;Bacia;AMAZONAS (SE);4;116,846010182072;17292,512
202104-prevs-ECMWF_ENS_EXT-02-2021-Diaria-IA+SMAP.rv0;Bacia;AMAZONAS (SE);5;106,932827234132;15825,4201
202104-prevs-ECMWF_ENS_EXT-02-2021-Diaria-IA+SMAP.rv0;Bacia;AMAZONAS (SE);6;142,001071328448;15485,2043
202104-prevs-ECMWF_ENS_EXT-02-2021-Diaria-IA+SMAP.rv0;Bacia;AMAZONAS (SE);M;119,839193927619;17735,4853266667
202104-prevs-ECMWF_ENS_EXT-02-2021-Diaria-IA+SMAP.rv0;Bacia;BAIXO PARANA;1;96,2997168611851;15823,6857
202104-prevs-ECMWF_ENS_EXT-02-2021-Diaria-IA+SMAP.rv0;Bacia;BAIXO PARANA;2;107,673069496601;14893,2443
202104-prevs-ECMWF_ENS_EXT-02-2021-Diaria-IA+SMAP.rv0;Bacia;BAIXO PARANA;3;97,1779225332033;13441,5648
202104-prevs-ECMWF_ENS_EXT-02-2021-Diaria-IA+SMAP.rv0;Bacia;BAIXO PARANA;4;91,9572972418925;12719,4525
202104-prevs-ECMWF_ENS_EXT-02-2021-Diaria-IA+SMAP.rv0;Bacia;BAIXO PARANA;5;85,4535507230013;11819,86
202104-prevs-ECMWF_ENS_EXT-02-2021-Diaria-IA+SMAP.rv0;Bacia;BAIXO PARANA;6;100,834278429221;11119,2521
202104-prevs-ECMWF_ENS_EXT-02-2021-Diaria-IA+SMAP.rv0;Bacia;BAIXO PARANA;M;96,8210855338324;13392,20742
202104-prevs-ECMWF_ENS_EXT-02-2021-Diaria-IA+SMAP.rv0;Bacia;SAO FRANCISCO (SE);1;94,5116643115613;597,5765
202104-prevs-ECMWF_ENS_EXT-02-2021-Diaria-IA+SMAP.rv0;Bacia;SAO FRANCISCO (SE);2;119,10916018253;567,1535
202104-prevs-ECMWF_ENS_EXT-02-2021-Diaria-IA+SMAP.rv0;Bacia;SAO FRANCISCO (SE);3;99,6630795586751;474,5585
202104-prevs-ECMWF_ENS_EXT-02-2021-Diaria-IA+SMAP.rv0;Bacia;SAO FRANCISCO (SE);4;85,8176045623052;408,6315
202104-prevs-ECMWF_ENS_EXT-02-2021-Diaria-IA+SMAP.rv0;Bacia;SAO FRANCISCO (SE);5;77,0966375123977;367,1055
202104-prevs-ECMWF_ENS_EXT-02-2021-Diaria-IA+SMAP.rv0;Bacia;SAO FRANCISCO (SE);6;114,1974026799;343,2055
202104-prevs-ECMWF_ENS_EXT-02-2021-Diaria-IA+SMAP.rv0;Bacia;SAO FRANCISCO (SE);M;97,426736534388;463,909866666667
202104-prevs-ECMWF_ENS_EXT-02-2021-Diaria-IA+SMAP.rv0;Bacia;SAO FRANCISCO (NE);1;77,3116450714194;9857,936
202104-prevs-ECMWF_ENS_EXT-02-2021-Diaria-IA+SMAP.rv0;Bacia;SAO FRANCISCO (NE);2;80,2394138712839;8823,4784
202104-prevs-ECMWF_ENS_EXT-02-2021-Diaria-IA+SMAP.rv0;Bacia;SAO FRANCISCO (NE);3;85,3476274237577;9385,2
202104-prevs-ECMWF_ENS_EXT-02-2021-Diaria-IA+SMAP.rv0;Bacia;SAO FRANCISCO (NE);4;76,8255087743336;8448,0704
202104-prevs-ECMWF_ENS_EXT-02-2021-Diaria-IA+SMAP.rv0;Bacia;SAO FRANCISCO (NE);5;64,8389086561525;7129,9712
202104-prevs-ECMWF_ENS_EXT-02-2021-Diaria-IA+SMAP.rv0;Bacia;SAO FRANCISCO (NE);6;97,0084124327544;6443,1136
202104-prevs-ECMWF_ENS_EXT-02-2021-Diaria-IA+SMAP.rv0;Bacia;SAO FRANCISCO (NE);M;77,6684483044448;8540,76373333333
202104-prevs-ECMWF_ENS_EXT-02-2021-Diaria-IA+SMAP.rv0;Bacia;JEQUITINHONHA (NE);1;71,7120898106576;224,7926
202104-prevs-ECMWF_ENS_EXT-02-2021-Diaria-IA+SMAP.rv0;Bacia;JEQUITINHONHA (NE);2;82,7908254360665;196,1566
202104-prevs-ECMWF_ENS_EXT-02-2021-Diaria-IA+SMAP.rv0;Bacia;JEQUITINHONHA (NE);3;80,3735750583711;190,4294
202104-prevs-ECMWF_ENS_EXT-02-2021-Diaria-IA+SMAP.rv0;Bacia;JEQUITINHONHA (NE);4;72,8196676280731;172,5319
202104-prevs-ECMWF_ENS_EXT-02-2021-Diaria-IA+SMAP.rv0;Bacia;JEQUITINHONHA (NE);5;66,7765416838346;158,2139
202104-prevs-ECMWF_ENS_EXT-02-2021-Diaria-IA+SMAP.rv0;Bacia;JEQUITINHONHA (NE);6;95,7009345794392;137,4528
202104-prevs-ECMWF_ENS_EXT-02-2021-Diaria-IA+SMAP.rv0;Bacia;JEQUITINHONHA (NE);M;76,9692807764501;182,363593333333
202104-prevs-ECMWF_ENS_EXT-02-2021-Diaria-IA+SMAP.rv0;Bacia;PARNAIBA;1;79,1710616119625;218,602
202104-prevs-ECMWF_ENS_EXT-02-2021-Diaria-IA+SMAP.rv0;Bacia;PARNAIBA;2;83,4491783219754;210,3102
202104-prevs-ECMWF_ENS_EXT-02-2021-Diaria-IA+SMAP.rv0;Bacia;PARNAIBA;3;85,692435803749;215,9637
202104-prevs-ECMWF_ENS_EXT-02-2021-Diaria-IA+SMAP.rv0;Bacia;PARNAIBA;4;72,8310929082474;183,5503
202104-prevs-ECMWF_ENS_EXT-02-2021-Diaria-IA+SMAP.rv0;Bacia;PARNAIBA;5;69,0923304386248;174,1278
202104-prevs-ECMWF_ENS_EXT-02-2021-Diaria-IA+SMAP.rv0;Bacia;PARNAIBA;6;94,1744262295082;153,7752
202104-prevs-ECMWF_ENS_EXT-02-2021-Diaria-IA+SMAP.rv0;Bacia;PARNAIBA;M;78,3644613632888;197,4956
202104-prevs-ECMWF_ENS_EXT-02-2021-Diaria-IA+SMAP.rv0;Bacia;TOCANTINS (SE);1;74,7754792452615;3354,7121
202104-prevs-ECMWF_ENS_EXT-02-2021-Diaria-IA+SMAP.rv0;Bacia;TOCANTINS (SE);2;92,9217963634828;3276,6646
202104-prevs-ECMWF_ENS_EXT-02-2021-Diaria-IA+SMAP.rv0;Bacia;TOCANTINS (SE);3;86,0345797191576;3033,8034
202104-prevs-ECMWF_ENS_EXT-02-2021-Diaria-IA+SMAP.rv0;Bacia;TOCANTINS (SE);4;75,2636738226024;2653,9932
202104-prevs-ECMWF_ENS_EXT-02-2021-Diaria-IA+SMAP.rv0;Bacia;TOCANTINS (SE);5;65,0479878256068;2293,7615
202104-prevs-ECMWF_ENS_EXT-02-2021-Diaria-IA+SMAP.rv0;Bacia;TOCANTINS (SE);6;112,606220915314;2037,899
202104-prevs-ECMWF_ENS_EXT-02-2021-Diaria-IA+SMAP.rv0;Bacia;TOCANTINS (SE);M;80,8382166959006;2850,56610333333
202104-prevs-ECMWF_ENS_EXT-02-2021-Diaria-IA+SMAP.rv0;Bacia;ITABAPOANA;1;120,575705238918;86,0319
202104-prevs-ECMWF_ENS_EXT-02-2021-Diaria-IA+SMAP.rv0;Bacia;ITABAPOANA;2;141,671826625387;87,7188
202104-prevs-ECMWF_ENS_EXT-02-2021-Diaria-IA+SMAP.rv0;Bacia;ITABAPOANA;3;122,600619195046;75,9105
202104-prevs-ECMWF_ENS_EXT-02-2021-Diaria-IA+SMAP.rv0;Bacia;ITABAPOANA;4;106,25386996904;65,7891
202104-prevs-ECMWF_ENS_EXT-02-2021-Diaria-IA+SMAP.rv0;Bacia;ITABAPOANA;5;98,0804953560372;60,7284
202104-prevs-ECMWF_ENS_EXT-02-2021-Diaria-IA+SMAP.rv0;Bacia;ITABAPOANA;6;140,925266903915;60,7284
202104-prevs-ECMWF_ENS_EXT-02-2021-Diaria-IA+SMAP.rv0;Bacia;ITABAPOANA;M;118,604747162023;73,43638
202104-prevs-ECMWF_ENS_EXT-02-2021-Diaria-IA+SMAP.rv0;Bacia;ARAGUARI;1;133,130284063726;1057,6223
202104-prevs-ECMWF_ENS_EXT-02-2021-Diaria-IA+SMAP.rv0;Bacia;ARAGUARI;2;112,069204322189;1030,6858
202104-prevs-ECMWF_ENS_EXT-02-2021-Diaria-IA+SMAP.rv0;Bacia;ARAGUARI;3;112,296379459937;1032,7751
202104-prevs-ECMWF_ENS_EXT-02-2021-Diaria-IA+SMAP.rv0;Bacia;ARAGUARI;4;119,133075672112;1095,6513
202104-prevs-ECMWF_ENS_EXT-02-2021-Diaria-IA+SMAP.rv0;Bacia;ARAGUARI;5;122,435753978967;1126,0256
202104-prevs-ECMWF_ENS_EXT-02-2021-Diaria-IA+SMAP.rv0;Bacia;ARAGUARI;6;108,69642034987;1069,9702
202104-prevs-ECMWF_ENS_EXT-02-2021-Diaria-IA+SMAP.rv0;Bacia;ARAGUARI;M;116,384568568079;1070,37364
202104-prevs-ECMWF_ENS_EXT-02-2021-Diaria-IA+SMAP.rv0;Bacia;TIETE;1;104,331561388136;1303,8411
202104-prevs-ECMWF_ENS_EXT-02-2021-Diaria-IA+SMAP.rv0;Bacia;TIETE;2;109,000182222945;1013,15615
202104-prevs-ECMWF_ENS_EXT-02-2021-Diaria-IA+SMAP.rv0;Bacia;TIETE;3;94,1858170907792;875,4567
202104-prevs-ECMWF_ENS_EXT-02-2021-Diaria-IA+SMAP.rv0;Bacia;TIETE;4;88,2638504912592;820,41205
202104-prevs-ECMWF_ENS_EXT-02-2021-Diaria-IA+SMAP.rv0;Bacia;TIETE;5;79,802823895349;741,76685
202104-prevs-ECMWF_ENS_EXT-02-2021-Diaria-IA+SMAP.rv0;Bacia;TIETE;6;101,645126701381;753,3784
202104-prevs-ECMWF_ENS_EXT-02-2021-Diaria-IA+SMAP.rv0;Bacia;TIETE;M;95,977187785041;892,107481666667
202104-prevs-ECMWF_ENS_EXT-02-2021-Diaria-IA+SMAP.rv0;Bacia;PARAGUAI;1;95,3081648499519;624,7666
202104-prevs-ECMWF_ENS_EXT-02-2021-Diaria-IA+SMAP.rv0;Bacia;PARAGUAI;2;104,207972537784;587,9255
202104-prevs-ECMWF_ENS_EXT-02-2021-Diaria-IA+SMAP.rv0;Bacia;PARAGUAI;3;100,428802751027;566,604
202104-prevs-ECMWF_ENS_EXT-02-2021-Diaria-IA+SMAP.rv0;Bacia;PARAGUAI;4;94,1907221644786;531,4097
202104-prevs-ECMWF_ENS_EXT-02-2021-Diaria-IA+SMAP.rv0;Bacia;PARAGUAI;5;88,8614927843925;501,343
202104-prevs-ECMWF_ENS_EXT-02-2021-Diaria-IA+SMAP.rv0;Bacia;PARAGUAI;6;107,41833723363;476,5633
202104-prevs-ECMWF_ENS_EXT-02-2021-Diaria-IA+SMAP.rv0;Bacia;PARAGUAI;M;97,8432939434526;552,016953333333
202104-prevs-ECMWF_ENS_EXT-02-2021-Diaria-IA+SMAP.rv0;Bacia;PARAGUACU;1;50,9335508452797;68,7608
202104-prevs-ECMWF_ENS_EXT-02-2021-Diaria-IA+SMAP.rv0;Bacia;PARAGUACU;2;59,4171997157072;70,6192
202104-prevs-ECMWF_ENS_EXT-02-2021-Diaria-IA+SMAP.rv0;Bacia;PARAGUACU;3;63,3262260127932;75,2652
202104-prevs-ECMWF_ENS_EXT-02-2021-Diaria-IA+SMAP.rv0;Bacia;PARAGUACU;4;68,0170575692964;80,8404
202104-prevs-ECMWF_ENS_EXT-02-2021-Diaria-IA+SMAP.rv0;Bacia;PARAGUACU;5;72,7078891257996;86,4156
202104-prevs-ECMWF_ENS_EXT-02-2021-Diaria-IA+SMAP.rv0;Bacia;PARAGUACU;6;104,103987147656;75,2652
202104-prevs-ECMWF_ENS_EXT-02-2021-Diaria-IA+SMAP.rv0;Bacia;PARAGUACU;M;65,332859511964;77,6501466666667
202104-prevs-ECMWF_ENS_EXT-02-2021-Diaria-IA+SMAP.rv0;Bacia;JEQUITINHONHA (SE);1;109,796131915686;295,0479
202104-prevs-ECMWF_ENS_EXT-02-2021-Diaria-IA+SMAP.rv0;Bacia;JEQUITINHONHA (SE);2;155,586987270156;293,58
202104-prevs-ECMWF_ENS_EXT-02-2021-Diaria-IA+SMAP.rv0;Bacia;JEQUITINHONHA (SE);3;133,804809052334;252,4788
202104-prevs-ECMWF_ENS_EXT-02-2021-Diaria-IA+SMAP.rv0;Bacia;JEQUITINHONHA (SE);4;105,021216407355;198,1665
202104-prevs-ECMWF_ENS_EXT-02-2021-Diaria-IA+SMAP.rv0;Bacia;JEQUITINHONHA (SE);5;84,016973125884;158,5332
202104-prevs-ECMWF_ENS_EXT-02-2021-Diaria-IA+SMAP.rv0;Bacia;JEQUITINHONHA (SE);6;117,627401837928;117,432
202104-prevs-ECMWF_ENS_EXT-02-2021-Diaria-IA+SMAP.rv0;Bacia;JEQUITINHONHA (SE);M;122,057991513437;230,31351
202104-prevs-ECMWF_ENS_EXT-02-2021-Diaria-IA+SMAP.rv0;Bacia;AMAZONAS (N);1;109,701424179866;648,5151
202104-prevs-ECMWF_ENS_EXT-02-2021-Diaria-IA+SMAP.rv0;Bacia;AMAZONAS (N);2;98,1311414634767;705,4878
202104-prevs-ECMWF_ENS_EXT-02-2021-Diaria-IA+SMAP.rv0;Bacia;AMAZONAS (N);3;99,8106665631322;717,5623
202104-prevs-ECMWF_ENS_EXT-02-2021-Diaria-IA+SMAP.rv0;Bacia;AMAZONAS (N);4;108,570347292011;780,5377
202104-prevs-ECMWF_ENS_EXT-02-2021-Diaria-IA+SMAP.rv0;Bacia;AMAZONAS (N);5;113,765448293461;817,8865
202104-prevs-ECMWF_ENS_EXT-02-2021-Diaria-IA+SMAP.rv0;Bacia;AMAZONAS (N);6;104,861863261012;864,4155
202104-prevs-ECMWF_ENS_EXT-02-2021-Diaria-IA+SMAP.rv0;Bacia;AMAZONAS (N);M;104,078535342001;748,24501
202104-prevs-ECMWF_ENS_EXT-02-2021-Diaria-IA+SMAP.rv0;Bacia;TOCANTINS (N);1;91,4999988250891;13529,7008
202104-prevs-ECMWF_ENS_EXT-02-2021-Diaria-IA+SMAP.rv0;Bacia;TOCANTINS (N);2;91,3196376100225;13303,5489
202104-prevs-ECMWF_ENS_EXT-02-2021-Diaria-IA+SMAP.rv0;Bacia;TOCANTINS (N);3;88,0044885082624;12820,5942
202104-prevs-ECMWF_ENS_EXT-02-2021-Diaria-IA+SMAP.rv0;Bacia;TOCANTINS (N);4;80,7323330260289;11761,1783
202104-prevs-ECMWF_ENS_EXT-02-2021-Diaria-IA+SMAP.rv0;Bacia;TOCANTINS (N);5;74,168323430686;10804,9259
202104-prevs-ECMWF_ENS_EXT-02-2021-Diaria-IA+SMAP.rv0;Bacia;TOCANTINS (N);6;105,870708815495;9848,3771
202104-prevs-ECMWF_ENS_EXT-02-2021-Diaria-IA+SMAP.rv0;Bacia;TOCANTINS (N);M;84,1772501724576;12263,0377566667
202104-prevs-ECMWF_ENS_EXT-02-2021-Diaria-IA+SMAP.rv0;Bacia;MUCURI;1;20,297994269341;10,2672
202104-prevs-ECMWF_ENS_EXT-02-2021-Diaria-IA+SMAP.rv0;Bacia;MUCURI;2;27,0472008781559;12,4992
202104-prevs-ECMWF_ENS_EXT-02-2021-Diaria-IA+SMAP.rv0;Bacia;MUCURI;3;29,9451152579583;13,8384
202104-prevs-ECMWF_ENS_EXT-02-2021-Diaria-IA+SMAP.rv0;Bacia;MUCURI;4;31,8770581778266;14,7312
202104-prevs-ECMWF_ENS_EXT-02-2021-Diaria-IA+SMAP.rv0;Bacia;MUCURI;5;40,5708013172338;18,7488
202104-prevs-ECMWF_ENS_EXT-02-2021-Diaria-IA+SMAP.rv0;Bacia;MUCURI;6;67,6164558988314;21,4272
202104-prevs-ECMWF_ENS_EXT-02-2021-Diaria-IA+SMAP.rv0;Bacia;MUCURI;M;31,6838638858397;14,64192
202104-prevs-ECMWF_ENS_EXT-02-2021-Diaria-IA+SMAP.rv0;Bacia;XINGU;1;104,436933238632;11094,6728857143
202104-prevs-ECMWF_ENS_EXT-02-2021-Diaria-IA+SMAP.rv0;Bacia;XINGU;2;83,220377381123;8978,792
202104-prevs-ECMWF_ENS_EXT-02-2021-Diaria-IA+SMAP.rv0;Bacia;XINGU;3;84,0988282506027;9073,5696
202104-prevs-ECMWF_ENS_EXT-02-2021-Diaria-IA+SMAP.rv0;Bacia;XINGU;4;84,5529426831303;9122,5648
202104-prevs-ECMWF_ENS_EXT-02-2021-Diaria-IA+SMAP.rv0;Bacia;XINGU;5;81,9771460658424;8844,6576
202104-prevs-ECMWF_ENS_EXT-02-2021-Diaria-IA+SMAP.rv0;Bacia;XINGU;6;117,827467540126;10967,622
202104-prevs-ECMWF_ENS_EXT-02-2021-Diaria-IA+SMAP.rv0;Bacia;XINGU;M;84,7536036179326;9144,21445904762
